0 0.520859 0.479097 0.068594 0.092083
0 0.396719 0.461736 0.038281 0.040694
0 0.369805 0.468889 0.049141 0.071667
0 0.311953 0.461667 0.033438 0.043611
0 0.262734 0.462014 0.032344 0.041806
0 0.295273 0.462639 0.018516 0.025278
2 0.264688 0.443403 0.042656 0.039861
3 0.225547 0.451597 0.02625 0.028472
0 0.215391 0.460417 0.025937 0.023333
2 0.215937 0.443681 0.025625 0.035417
0 0.103008 0.461667 0.046641 0.041111
11 0.086797 0.444931 0.027031 0.053194
0 0.050703 0.459167 0.024531 0.043611
0 0.008555 0.469931 0.017109 0.038472
