0 0.484219 0.486944 0.058594 0.088889
0 0.392891 0.469236 0.034375 0.040972
0 0.360273 0.47375 0.046484 0.059722
0 0.3425 0.470278 0.032813 0.048611
0 0.326875 0.4675 0.026562 0.038889
0 0.29543 0.4675 0.032422 0.038889
0 0.275312 0.463333 0.01875 0.031944
0 0.25207 0.468194 0.029297 0.033333
2 0.236641 0.450486 0.0375 0.040972
0 0.139961 0.464722 0.047266 0.030556
0 0.228789 0.462639 0.015391 0.023889
11 0.072422 0.454653 0.023906 0.057083
0 0.040586 0.467986 0.022109 0.035139
2 0.02207 0.460278 0.044141 0.041667
