3 0.085508 0.534722 0.171016 0.270278
3 0.168945 0.475486 0.087422 0.11125
0 0.227148 0.473056 0.047734 0.085
3 0.253086 0.470069 0.018828 0.069306
0 0.266875 0.474236 0.028906 0.060972
0 0.589844 0.5425 0.171562 0.288333
5 0.942734 0.478472 0.024219 0.124444
10 0.861992 0.468889 0.018828 0.105278
5 0.789648 0.487431 0.027578 0.149583
5 0.684336 0.480903 0.033672 0.145972
3 0.717344 0.456944 0.033594 0.076667
2 0.729453 0.439583 0.032344 0.077778
0 0.660117 0.464097 0.029609 0.057361
0 0.461328 0.491042 0.092188 0.118472
0 0.531328 0.475903 0.041094 0.072917
4 0.506289 0.461597 0.038516 0.059306
0 0.420469 0.451667 0.024688 0.033611
15 0.968633 0.520347 0.034297 0.093194
15 0.880156 0.504792 0.030938 0.069306
15 0.829688 0.48625 0.021562 0.077778
15 0.802773 0.490417 0.022891 0.059722
