10 0.990547 0.450347 0.018906 0.094583
5 0.94207 0.455694 0.016172 0.086111
10 0.935977 0.440764 0.018828 0.080139
2 0.808164 0.418056 0.199141 0.257222
2 0.687734 0.413819 0.096875 0.13875
0 0.67832 0.492222 0.119766 0.178333
0 0.52457 0.471319 0.054453 0.076528
0 0.465664 0.486806 0.073984 0.11
0 0.422617 0.455139 0.022891 0.032222
0 0.384609 0.467083 0.051875 0.070556
3 0.320703 0.474861 0.077344 0.124444
0 0.259102 0.514375 0.141328 0.174583
4 0.144414 0.437222 0.080078 0.118333
0 0.037031 0.483819 0.074063 0.075417
