0 0.580391 0.469444 0.02625 0.039444
0 0.561562 0.443125 0.027656 0.037083
7 0.277305 0.504167 0.168203 0.226111
0 0.487305 0.36875 0.012422 0.019167
0 0.471562 0.367292 0.011094 0.015139
3 0.488086 0.448264 0.032422 0.065139
3 0.483203 0.422361 0.022656 0.036667
0 0.435508 0.438403 0.031484 0.045417
0 0.446641 0.42 0.020313 0.031944
0 0.408477 0.411319 0.008203 0.015694
0 0.396211 0.407778 0.011797 0.012222
4 0.348711 0.417083 0.015078 0.030833
4 0.329883 0.416528 0.015391 0.035556
0 0.421914 0.403403 0.007578 0.01625
