7 0.292109 0.497014 0.138594 0.185417
0 0.441172 0.450833 0.027813 0.045833
0 0.449922 0.447986 0.016719 0.030694
3 0.48707 0.454167 0.029922 0.060833
0 0.483359 0.395208 0.011406 0.016528
0 0.466797 0.394444 0.010625 0.016944
4 0.359219 0.422569 0.012969 0.02875
4 0.375937 0.419722 0.0125 0.021111
3 0.373672 0.452222 0.023281 0.041944
0 0.405391 0.415903 0.00875 0.011806
0 0.418633 0.41125 0.009297 0.012778
0 0.428437 0.414306 0.007656 0.012222
0 0.436406 0.410556 0.006562 0.009444
0 0.434922 0.405833 0.006875 0.009444
0 0.445547 0.400833 0.006406 0.01
0 0.494102 0.381042 0.006953 0.01375
