0 0.896992 0.439583 0.053828 0.051389
3 0.730469 0.438403 0.046406 0.049028
14 0.708906 0.461736 0.028906 0.057361
0 0.703203 0.453333 0.051094 0.043056
0 0.670234 0.44375 0.033594 0.035833
0 0.619453 0.462361 0.057188 0.094444
7 0.576055 0.456319 0.040391 0.063472
0 0.556836 0.436597 0.018203 0.033472
0 0.47207 0.434236 0.022266 0.040694
0 0.450547 0.464722 0.057187 0.089722
0 0.385937 0.453889 0.042344 0.058611
0 0.411484 0.415694 0.00875 0.015556
2 0.353984 0.418056 0.055156 0.065833
0 0.271914 0.453333 0.036328 0.050278
4 0.230859 0.425278 0.0875 0.108889
3 0.069687 0.503611 0.139375 0.480833
