0 0.905078 0.454514 0.127812 0.107639
14 0.821289 0.465972 0.046484 0.101667
0 0.774531 0.454583 0.057813 0.050278
0 0.674609 0.459931 0.058594 0.094583
7 0.638594 0.447917 0.044375 0.070556
0 0.616055 0.434861 0.010078 0.015556
0 0.581055 0.433611 0.014141 0.0275
0 0.48957 0.432431 0.022266 0.032361
0 0.458281 0.429444 0.013438 0.023889
0 0.472773 0.459375 0.049141 0.076528
0 0.417266 0.447986 0.035 0.044306
0 0.328125 0.446111 0.032969 0.043056
0 0.392344 0.432431 0.0175 0.025139
3 0.226133 0.474236 0.168203 0.259583
2 0.079102 0.427083 0.158203 0.215278
