0 0.083633 0.483264 0.052578 0.041806
0 0.019766 0.474514 0.039531 0.044583
0 0.126602 0.474722 0.031328 0.04
0 0.225742 0.454861 0.051016 0.0625
5 0.281406 0.466944 0.015 0.070278
0 0.350352 0.445764 0.036328 0.04125
5 0.377305 0.486944 0.022578 0.085833
17 0.417656 0.506389 0.027031 0.0375
0 0.543711 0.527639 0.166641 0.300278
2 0.562305 0.428333 0.132109 0.193611
0 0.75207 0.425 0.028047 0.016944
0 0.663359 0.425486 0.016719 0.02125
0 0.649336 0.426458 0.013359 0.020694
2 0.814766 0.426875 0.095156 0.075972
