0 0.737773 0.475833 0.091484 0.095
10 0.90082 0.51125 0.055234 0.169167
10 0.665742 0.475069 0.028984 0.099861
0 0.614141 0.44125 0.03625 0.058056
2 0.535781 0.417847 0.122344 0.259306
0 0.420273 0.433125 0.032578 0.035417
0 0.263164 0.452708 0.040391 0.049028
4 0.145742 0.430069 0.071953 0.05625
5 0.359023 0.430486 0.005391 0.027361
5 0.384609 0.431319 0.007656 0.028472
5 0.392656 0.431944 0.004062 0.017778
10 0.401914 0.423125 0.004766 0.020972
2 0.370937 0.401181 0.044375 0.040139
0 0.42668 0.408889 0.019922 0.018889
9 0.449844 0.397431 0.033125 0.035694
2 0.462656 0.404236 0.027656 0.04625
