10 0.768555 0.471042 0.037109 0.124028
3 0.976445 0.495972 0.047109 0.218889
10 0.587891 0.470208 0.027187 0.103194
0 0.59375 0.442778 0.060625 0.070833
5 0.554805 0.447708 0.006328 0.051528
3 0.540312 0.44125 0.035313 0.064444
14 0.507695 0.460556 0.037109 0.074167
5 0.475117 0.448472 0.006328 0.036944
0 0.354609 0.449236 0.037187 0.029028
5 0.310703 0.458889 0.009063 0.038611
5 0.29707 0.462153 0.010859 0.035417
2 0.269023 0.436389 0.065234 0.074167
0 0.253633 0.483125 0.038047 0.045139
0 0.230078 0.473472 0.025312 0.038611
5 0.191133 0.482292 0.012734 0.046806
0 0.594219 0.445278 0.057969 0.069167
3 0.539844 0.440486 0.03625 0.059583
4 0.53668 0.420278 0.096953 0.090278
4 0.528516 0.418681 0.124062 0.070972
4 0.512227 0.421111 0.133203 0.078889
4 0.513555 0.421875 0.172109 0.077361
4 0.480078 0.423542 0.1775 0.067639
4 0.465586 0.434792 0.184766 0.064306
0 0.35418 0.446806 0.032578 0.040278
2 0.268125 0.432361 0.0725 0.066111
0 0.253164 0.483125 0.040703 0.051528
5 0.310664 0.46375 0.007266 0.045
5 0.298008 0.462153 0.012734 0.03875
0 0.233242 0.477431 0.038984 0.053194
5 0.194297 0.481458 0.01 0.06125
5 0.170742 0.494375 0.006328 0.057917
5 0.163984 0.491111 0.009062 0.054722
5 0.157617 0.493611 0.007266 0.062778
5 0.144492 0.494375 0.015391 0.054861
10 0.769492 0.473403 0.038984 0.12875
10 0.589219 0.473472 0.031719 0.103056
5 0.490937 0.443681 0.010937 0.043472
5 0.552969 0.448472 0.01 0.053056
14 0.51043 0.454931 0.028047 0.085417
5 0.489141 0.437153 0.009063 0.037083
5 0.498672 0.446042 0.004531 0.054861
5 0.116367 0.512083 0.015391 0.096667
0 0.980078 0.518542 0.039844 0.267361
4 0.010312 0.502361 0.020625 0.086667
5 0.092188 0.509722 0.012813 0.084167
