10 0.995234 0.645903 0.009531 0.263194
4 0.942773 0.438403 0.114453 0.285972
4 0.933008 0.444375 0.133984 0.173472
9 0.795742 0.441806 0.078984 0.135556
10 0.75418 0.495 0.040703 0.120278
9 0.712852 0.427986 0.051172 0.103194
10 0.627148 0.474653 0.021484 0.079583
10 0.594961 0.469792 0.012734 0.047083
1 0.588945 0.446806 0.020703 0.024722
10 0.498984 0.450833 0.005625 0.024722
5 0.505 0.453472 0.007188 0.018056
4 0.493125 0.437014 0.008125 0.01875
2 0.47 0.444861 0.014844 0.034444
4 0.453398 0.441111 0.009922 0.019444
0 0.461523 0.443264 0.004922 0.01125
11 0.384922 0.432917 0.061406 0.109722
1 0.215625 0.474236 0.139375 0.213194
