9 0.947813 0.421042 0.104375 0.236806
9 0.826523 0.420764 0.097578 0.15375
10 0.822969 0.500139 0.042656 0.133056
4 0.806602 0.420347 0.091641 0.124028
4 0.781445 0.429792 0.075703 0.108472
4 0.753555 0.433681 0.071328 0.097361
4 0.717422 0.441458 0.070469 0.085139
4 0.689883 0.441181 0.052266 0.07125
0 0.666719 0.440347 0.030938 0.048472
1 0.604922 0.452083 0.035625 0.041667
1 0.642148 0.445069 0.043828 0.043472
0 0.506992 0.449306 0.007109 0.019167
0 0.513516 0.441667 0.006875 0.009167
10 0.513516 0.457639 0.003906 0.011389
0 0.461953 0.443403 0.008594 0.011806
4 0.452344 0.440556 0.011562 0.024444
3 0.477852 0.442986 0.014766 0.028472
14 0.408398 0.460694 0.009922 0.016944
10 0.399961 0.462986 0.009922 0.021528
10 0.352344 0.472847 0.009531 0.037361
10 0.280664 0.476875 0.013672 0.052361
11 0.127773 0.398403 0.255547 0.545417
3 0.247305 0.481736 0.054141 0.097361
