10 0.583437 0.488056 0.026875 0.1125
13 0.574375 0.4575 0.015469 0.046667
2 0.553828 0.455764 0.021563 0.038194
10 0.534648 0.475486 0.016797 0.080139
0 0.518164 0.448542 0.044453 0.038194
9 0.479141 0.449167 0.039062 0.034722
10 0.402773 0.466528 0.010078 0.023889
10 0.37957 0.468889 0.008047 0.026389
10 0.320352 0.476111 0.013516 0.035833
10 0.300508 0.473056 0.010078 0.034722
10 0.255391 0.484444 0.015469 0.050278
10 0.114141 0.505417 0.02625 0.089722
5 0.055273 0.506597 0.016172 0.080139
11 0.072695 0.452778 0.145391 0.144722
