12 0.9875 0.433611 0.025 0.218889
14 0.856289 0.427014 0.097578 0.090972
5 0.801445 0.511944 0.028203 0.186667
5 0.787305 0.511944 0.041641 0.208056
5 0.5 0.439028 0.009375 0.035833
10 0.4825 0.436597 0.006719 0.02625
2 0.461992 0.420486 0.019453 0.037083
9 0.38832 0.417431 0.029609 0.059861
10 0.355508 0.429792 0.006953 0.019861
10 0.343242 0.437222 0.005547 0.023056
0 0.298008 0.452083 0.038516 0.041111
4 0.255352 0.432292 0.096016 0.140139
9 0.142539 0.402153 0.084922 0.099861
9 0.160898 0.409653 0.094922 0.097083
10 0.198945 0.464931 0.014922 0.055694
0 0.103398 0.467917 0.088203 0.060833
