10 0.920195 0.633958 0.143359 0.497639
10 0.611016 0.473681 0.020156 0.067083
0 0.565937 0.450417 0.022813 0.015556
4 0.525938 0.434861 0.067969 0.058611
9 0.459961 0.437778 0.067891 0.055
9 0.417578 0.430069 0.054531 0.044306
9 0.385937 0.428819 0.072031 0.049028
4 0.377188 0.437222 0.059844 0.051389
4 0.363086 0.437778 0.069297 0.066944
0 0.426328 0.452153 0.034375 0.024028
10 0.345586 0.453403 0.012734 0.033472
5 0.330781 0.448542 0.010156 0.033472
10 0.384609 0.448611 0.007344 0.031111
10 0.039414 0.493403 0.038359 0.10875
