1 0.018867 0.449722 0.037734 0.078889
1 0.032305 0.437569 0.064609 0.076528
1 0.060469 0.436181 0.058125 0.071806
3 0.18543 0.460694 0.125391 0.149167
2 0.593945 0.424514 0.042266 0.085139
4 0.862539 0.432986 0.048672 0.047639
4 0.848594 0.432917 0.044063 0.044167
4 0.842813 0.432361 0.050938 0.047778
4 0.82875 0.428819 0.043437 0.041806
4 0.822266 0.429375 0.041562 0.034306
4 0.811406 0.431181 0.035156 0.037083
9 0.987656 0.418889 0.024687 0.063056
9 0.92043 0.415556 0.095234 0.076944
5 0.691523 0.439236 0.005859 0.032917
