5 0.135508 0.480347 0.011172 0.03125
2 0.373516 0.435764 0.065312 0.111806
4 0.631797 0.449167 0.058438 0.064167
4 0.59793 0.446597 0.035547 0.046806
0 0.576719 0.449583 0.043906 0.058056
5 0.177148 0.449167 0.004766 0.028333
14 0.194102 0.452847 0.010859 0.023472
10 0.207148 0.450069 0.005078 0.022917
0 0.324219 0.449583 0.017969 0.025278
4 0.271992 0.437569 0.007109 0.012639
0 0.261289 0.435694 0.004766 0.008889
0 0.242891 0.444931 0.007656 0.013194
0 0.240781 0.433889 0.006094 0.008889
3 0.232891 0.431944 0.006094 0.011667
10 0.227305 0.442083 0.002891 0.012222
10 0.21832 0.449583 0.002891 0.013056
5 0.221875 0.444167 0.002656 0.013611
