4 0.976094 0.436042 0.047813 0.16625
4 0.938359 0.438403 0.053125 0.159028
4 0.869375 0.441389 0.103594 0.143611
14 0.744883 0.530486 0.071328 0.204583
5 0.661484 0.483264 0.018906 0.124306
2 0.368125 0.432431 0.068594 0.118472
10 0.155352 0.456528 0.007266 0.036944
10 0.146875 0.449792 0.004219 0.018194
14 0.166563 0.446181 0.010781 0.025972
4 0.483242 0.441389 0.021797 0.050833
10 0.519297 0.461389 0.029375 0.047222
4 0.533867 0.433611 0.027891 0.040833
4 0.519688 0.439097 0.028594 0.035417
0 0.500859 0.440694 0.021719 0.035833
