4 0.939414 0.427639 0.097734 0.146944
4 0.87918 0.432708 0.113516 0.109861
0 0.146875 0.498889 0.099375 0.106111
0 0.293281 0.458125 0.025 0.026528
9 0.290664 0.433333 0.029453 0.037222
4 0.314844 0.438333 0.021406 0.044444
4 0.337812 0.435833 0.02625 0.030833
10 0.325352 0.454167 0.010078 0.028611
0 0.347305 0.458125 0.033828 0.036528
3 0.399297 0.445208 0.019375 0.027917
2 0.428945 0.439236 0.050391 0.095417
4 0.504297 0.449861 0.030312 0.065833
4 0.481641 0.427014 0.007031 0.014306
0 0.475469 0.425833 0.006719 0.009444
