5 0.859648 0.463542 0.014141 0.049028
4 0.842812 0.431806 0.108281 0.141111
4 0.798047 0.410278 0.096875 0.117222
4 0.744922 0.416319 0.091563 0.119583
4 0.707578 0.436042 0.07875 0.11125
4 0.678672 0.438403 0.081406 0.084861
4 0.631523 0.442569 0.045078 0.069306
4 0.604961 0.44375 0.051172 0.062222
4 0.422656 0.448542 0.0175 0.047917
2 0.363086 0.434167 0.049141 0.105278
9 0.061641 0.416736 0.06875 0.118194
0 0.097227 0.444583 0.025859 0.043056
5 0.139609 0.456944 0.009062 0.0475
10 0.216055 0.456458 0.010078 0.042917
10 0.27043 0.448472 0.017109 0.032222
0 0.328047 0.451111 0.016562 0.032222
9 0.293086 0.433681 0.019141 0.033194
4 0.276445 0.429653 0.022109 0.035694
4 0.404141 0.428333 0.007344 0.015278
0 0.398906 0.429722 0.00625 0.009722
