11 0.914492 0.418681 0.171016 0.227361
5 0.779219 0.485069 0.021563 0.118472
10 0.709258 0.485625 0.032266 0.126806
11 0.775547 0.413889 0.197188 0.133889
10 0.55043 0.451528 0.012109 0.046667
2 0.478437 0.428819 0.048438 0.099306
10 0.413516 0.442639 0.004687 0.019167
10 0.398398 0.442014 0.005391 0.020417
0 0.37082 0.444375 0.020234 0.025139
0 0.35668 0.445 0.016172 0.026389
0 0.344219 0.445556 0.019531 0.0275
5 0.349297 0.452153 0.006719 0.040694
1 0.302148 0.439028 0.078047 0.148333
0 0.247344 0.459375 0.039688 0.045417
0 0.147734 0.465278 0.04375 0.043056
0 0.115469 0.466458 0.053125 0.045417
11 0.043086 0.421667 0.086172 0.221389
