10 0.814922 0.504792 0.048437 0.177083
11 0.880547 0.412639 0.238906 0.210556
10 0.565273 0.453333 0.013516 0.050278
2 0.490234 0.430625 0.053125 0.105139
10 0.408516 0.443819 0.006719 0.021528
0 0.35668 0.449167 0.021484 0.025
10 0.390313 0.443194 0.008125 0.022778
0 0.339531 0.447986 0.019531 0.025139
0 0.322344 0.452153 0.030937 0.02875
5 0.271211 0.462917 0.009453 0.047778
0 0.242969 0.452153 0.045781 0.045417
0 0.189805 0.467708 0.051172 0.052639
10 0.147773 0.486875 0.027578 0.090972
0 0.068359 0.476111 0.050469 0.055
0 0.028984 0.479097 0.057969 0.060972
