10 0.594531 0.456319 0.014063 0.05375
10 0.585781 0.464722 0.012812 0.070556
10 0.525234 0.445556 0.011406 0.039444
11 0.628516 0.421667 0.103594 0.096944
2 0.46332 0.432431 0.045078 0.094583
1 0.420273 0.434792 0.018203 0.044306
10 0.399414 0.441389 0.006016 0.021667
0 0.392617 0.435347 0.009922 0.018472
0 0.384297 0.436736 0.010937 0.02125
0 0.375703 0.446875 0.020781 0.034306
4 0.348672 0.438125 0.035312 0.077639
0 0.326875 0.444028 0.020313 0.033611
11 0.261289 0.432639 0.061016 0.091111
0 0.215313 0.449444 0.04 0.030833
11 0.135781 0.436042 0.099531 0.065694
0 0.049805 0.516389 0.099609 0.154167
