0 0.095234 0.557431 0.190469 0.275139
4 0.151133 0.440208 0.053203 0.100417
0 0.18375 0.451597 0.028281 0.049028
3 0.21707 0.450903 0.061172 0.064583
10 0.254727 0.455139 0.014141 0.068056
1 0.254063 0.430625 0.032969 0.067083
0 0.275586 0.445625 0.023516 0.037083
3 0.28668 0.436597 0.022891 0.040694
0 0.304219 0.437222 0.020156 0.032222
10 0.318086 0.442292 0.010078 0.036528
0 0.323672 0.436667 0.010781 0.030556
10 0.356914 0.437222 0.010859 0.035833
10 0.377812 0.435 0.008594 0.027222
9 0.416133 0.412014 0.023203 0.050417
2 0.443398 0.416042 0.017891 0.037083
10 0.469336 0.435972 0.013047 0.0425
10 0.498867 0.433333 0.013047 0.035833
4 0.474375 0.415347 0.013437 0.034583
0 0.485039 0.418056 0.007891 0.013333
2 0.578203 0.402083 0.147187 0.294722
