9 0.132578 0.408542 0.265156 0.407917
2 0.290391 0.444375 0.094844 0.142361
0 0.342578 0.4575 0.0175 0.0275
19 0.992969 0.479097 0.014063 0.16625
12 0.73418 0.417361 0.034141 0.081111
9 0.646328 0.423194 0.09625 0.144167
0 0.413242 0.453958 0.015234 0.02125
0 0.452734 0.449167 0.011875 0.014722
4 0.493867 0.44 0.012734 0.03
10 0.585039 0.469653 0.016484 0.075972
10 0.55293 0.462639 0.016484 0.057778
10 0.519883 0.449514 0.005859 0.022083
10 0.514141 0.450347 0.002813 0.012917
10 0.539492 0.444306 0.002891 0.015833
