9 0.846562 0.435417 0.306875 0.308611
10 0.643008 0.490417 0.031641 0.117222
10 0.586094 0.477292 0.024219 0.08375
0 0.023594 0.507778 0.047188 0.068056
5 0.106719 0.494653 0.015469 0.072917
14 0.133281 0.503056 0.044375 0.058611
11 0.235234 0.433611 0.107031 0.070556
3 0.206992 0.468958 0.027578 0.052639
0 0.291406 0.467083 0.039062 0.034722
0 0.399727 0.4575 0.016172 0.020278
0 0.431055 0.456319 0.016797 0.022639
4 0.499336 0.44375 0.013516 0.031111
10 0.521172 0.455139 0.00875 0.025
10 0.545312 0.449514 0.005156 0.017917
0 0.515195 0.448542 0.008359 0.011528
4 0.686914 0.440764 0.023047 0.100139
