1 0.046445 0.477847 0.092891 0.139861
0 0.119844 0.489792 0.059219 0.060972
10 0.120859 0.508333 0.030312 0.105278
3 0.157539 0.480833 0.043047 0.074167
0 0.193867 0.476667 0.044453 0.058611
0 0.219414 0.473056 0.029609 0.053889
0 0.235898 0.470069 0.027578 0.047917
10 0.251055 0.48625 0.016172 0.063333
10 0.282344 0.474236 0.011406 0.049028
14 0.342227 0.453403 0.012734 0.033472
9 0.381562 0.431806 0.039062 0.086111
2 0.77418 0.425833 0.252266 0.3875
9 0.568398 0.426736 0.044453 0.083472
10 0.536289 0.460833 0.010703 0.051944
10 0.525352 0.457847 0.011172 0.043194
2 0.422773 0.438889 0.030859 0.056389
0 0.463359 0.442431 0.008281 0.010972
4 0.47918 0.436667 0.011953 0.03
0 0.496289 0.440625 0.008203 0.013194
10 0.505391 0.445417 0.003281 0.013889
10 0.512578 0.444653 0.005312 0.02125
