10 0.054805 0.506944 0.028516 0.094444
13 0.178555 0.485069 0.015547 0.066806
16 0.277383 0.474653 0.012266 0.055417
1 0.328281 0.457361 0.067344 0.048333
3 0.899687 0.497708 0.200625 0.25125
10 0.702539 0.493056 0.029141 0.108333
10 0.629258 0.478125 0.029141 0.119861
13 0.608516 0.456181 0.008437 0.041528
10 0.594922 0.495903 0.034375 0.120972
10 0.573242 0.4625 0.011641 0.054167
4 0.541797 0.439514 0.049844 0.130139
0 0.468867 0.502292 0.085547 0.129028
10 0.404727 0.452778 0.005234 0.018333
9 0.364219 0.440069 0.039531 0.066806
