5 0.877461 0.493681 0.038203 0.114028
0 0.882656 0.481528 0.079687 0.055278
13 0.788359 0.503472 0.035 0.140556
5 0.695742 0.468889 0.015547 0.064444
3 0.644844 0.464306 0.057656 0.094444
10 0.673359 0.516736 0.047344 0.150972
10 0.615703 0.473542 0.030469 0.096806
10 0.60043 0.478125 0.020703 0.071528
13 0.576172 0.460833 0.008437 0.039167
4 0.533711 0.439514 0.055703 0.144028
0 0.466289 0.516111 0.106328 0.156667
4 0.40668 0.450486 0.020703 0.034583
0 0.378516 0.441806 0.030469 0.054167
16 0.33668 0.46375 0.010391 0.031111
9 0.159922 0.378403 0.319844 0.644028
