5 0.885898 0.505764 0.027891 0.147361
3 0.753711 0.480972 0.119922 0.157778
10 0.655195 0.490208 0.025234 0.090972
10 0.604023 0.466042 0.027891 0.084028
10 0.576758 0.469514 0.011016 0.051806
10 0.608555 0.502917 0.034297 0.125556
4 0.539531 0.443542 0.051875 0.13375
0 0.474414 0.514028 0.095234 0.138611
4 0.37168 0.437222 0.033672 0.045
4 0.371016 0.459097 0.053125 0.040417
10 0.181797 0.497639 0.016875 0.062222
10 0.162695 0.5 0.018828 0.085278
0 0.026094 0.503403 0.052187 0.089861
5 0.241445 0.483264 0.007734 0.049583
16 0.305898 0.474097 0.014922 0.040417
