1 0.074063 0.472569 0.046719 0.060139
1 0.090156 0.468264 0.019844 0.045694
4 0.14375 0.465556 0.039531 0.073889
9 0.2575 0.435903 0.101719 0.135139
10 0.303672 0.478958 0.012812 0.037917
3 0.358945 0.4525 0.023828 0.027222
10 0.403086 0.455347 0.005547 0.022639
0 0.473047 0.487292 0.065625 0.096528
4 0.545195 0.438056 0.056953 0.138333
10 0.576016 0.463333 0.01 0.0525
10 0.622227 0.465694 0.016797 0.058611
10 0.667656 0.497431 0.034375 0.122361
4 0.737969 0.430417 0.011875 0.031667
13 0.810508 0.495486 0.033984 0.135972
1 0.379883 0.451111 0.011484 0.025556
