16 0.023125 0.514514 0.04625 0.106528
10 0.980078 0.543472 0.039844 0.223333
10 0.843398 0.493958 0.058984 0.176806
13 0.686914 0.472708 0.016328 0.07875
10 0.658164 0.493056 0.032266 0.1125
10 0.613516 0.45875 0.017031 0.046667
10 0.577969 0.461806 0.010625 0.050556
4 0.548125 0.437014 0.0525 0.132917
0 0.479648 0.493333 0.072422 0.107222
10 0.427344 0.449792 0.006563 0.021806
0 0.381719 0.44875 0.012031 0.020833
9 0.325117 0.436319 0.064453 0.093472
0 0.187695 0.468403 0.027891 0.039583
1 0.199375 0.466667 0.020781 0.040278
4 0.203359 0.458542 0.032656 0.051528
3 0.122695 0.472083 0.023516 0.048333
1 0.092227 0.478333 0.036484 0.059444
3 0.045195 0.483958 0.039453 0.067083
16 0.013047 0.483403 0.026094 0.066528
