5 0.021875 0.506458 0.018594 0.112917
5 0.019648 0.496806 0.018359 0.099722
4 0.018398 0.467361 0.036797 0.089167
14 0.108711 0.498403 0.068828 0.13125
3 0.107773 0.469028 0.085547 0.075278
3 0.12293 0.469722 0.082109 0.071667
3 0.138828 0.467986 0.072031 0.055694
0 0.175937 0.46875 0.093281 0.063333
3 0.19625 0.464861 0.074844 0.060833
5 0.235 0.477292 0.010469 0.058194
3 0.208203 0.463681 0.068438 0.054306
3 0.218672 0.459653 0.062031 0.047917
5 0.268008 0.465347 0.009922 0.044306
0 0.260391 0.459792 0.044375 0.050694
3 0.264375 0.459722 0.053906 0.044722
3 0.266562 0.458889 0.059687 0.041667
3 0.271211 0.459444 0.054141 0.041111
3 0.275859 0.456597 0.052969 0.039583
3 0.282148 0.458264 0.047422 0.037361
3 0.289258 0.45875 0.045391 0.033056
0 0.467656 0.484097 0.061719 0.092361
13 0.343242 0.460486 0.006953 0.03125
4 0.568516 0.430694 0.079375 0.194167
5 0.507734 0.453125 0.003437 0.017917
10 0.513281 0.450833 0.002969 0.014722
10 0.615391 0.462778 0.013281 0.049444
10 0.641367 0.471875 0.017891 0.075694
10 0.914141 0.591875 0.121563 0.332083
