1 0.015391 0.499375 0.030781 0.094306
3 0.026406 0.494306 0.052812 0.084167
3 0.03668 0.4925 0.073359 0.084167
13 0.18293 0.489097 0.015078 0.065972
10 0.388828 0.467431 0.006562 0.025139
0 0.489219 0.494722 0.0675 0.101667
10 0.540977 0.461875 0.006016 0.029583
0 0.530469 0.456667 0.006406 0.024167
10 0.520469 0.459375 0.007031 0.022639
4 0.637852 0.429167 0.144453 0.325833
10 0.749492 0.504375 0.027891 0.116528
10 0.811406 0.515069 0.052187 0.172639
4 0.966719 0.447083 0.066563 0.163333
4 0.936016 0.430903 0.115313 0.17125
4 0.910156 0.430556 0.116094 0.1575
4 0.900625 0.440972 0.114062 0.161111
4 0.892148 0.431667 0.137578 0.133889
4 0.878398 0.443889 0.132734 0.128056
4 0.857305 0.446736 0.142422 0.139583
4 0.83125 0.435278 0.1275 0.112222
0 0.807148 0.443194 0.114922 0.120833
