0 0.14207 0.477847 0.057891 0.05375
10 0.239258 0.467083 0.016797 0.051389
0 0.299492 0.463472 0.029609 0.0275
3 0.358359 0.453333 0.018125 0.028611
0 0.398398 0.451597 0.017422 0.029861
0 0.413867 0.449167 0.013516 0.025
0 0.428359 0.448542 0.015469 0.021528
0 0.481172 0.506597 0.100938 0.147083
10 0.541719 0.450972 0.010781 0.031111
10 0.52793 0.450903 0.010078 0.040694
10 0.558555 0.459306 0.012109 0.047778
10 0.576367 0.459375 0.016797 0.064583
10 0.686055 0.474931 0.023516 0.095694
10 0.712266 0.486806 0.028906 0.117222
