0 0.032656 0.494583 0.065312 0.058611
3 0.125898 0.480833 0.048516 0.093333
10 0.156484 0.488611 0.02625 0.0825
4 0.248672 0.443194 0.120469 0.171111
10 0.357695 0.457569 0.012734 0.032361
4 0.418242 0.440764 0.027578 0.063472
0 0.479805 0.487431 0.080703 0.115972
4 0.447187 0.443194 0.019531 0.053889
10 0.531992 0.456944 0.014141 0.055
10 0.555859 0.446181 0.010781 0.033472
10 0.545078 0.445 0.009375 0.026389
0 0.590469 0.461181 0.050469 0.049028
10 0.605977 0.461736 0.014141 0.071806
10 0.592852 0.459931 0.010703 0.05625
10 0.62918 0.474861 0.021484 0.102778
0 0.655078 0.462917 0.041094 0.055
13 0.657773 0.462917 0.014141 0.062222
10 0.705547 0.497639 0.035625 0.143611
5 0.933984 0.507222 0.036406 0.1675
5 0.890234 0.491042 0.035 0.139861
