0 0.500547 0.5075 0.093125 0.138056
10 0.587852 0.466181 0.016328 0.059583
10 0.630898 0.476667 0.015391 0.070833
10 0.701992 0.487083 0.030859 0.104722
4 0.935508 0.423611 0.128984 0.24
9 0.914766 0.430486 0.170469 0.216806
9 0.794687 0.422292 0.141719 0.154028
10 0.563945 0.456458 0.009141 0.045694
2 0.43793 0.449931 0.015547 0.039028
0 0.11043 0.492222 0.075391 0.056111
13 0.160234 0.489236 0.0175 0.064583
7 0.099336 0.479028 0.065234 0.046667
0 0.295703 0.466736 0.039062 0.022917
0 0.257539 0.470625 0.035078 0.02625
10 0.349141 0.465556 0.007031 0.024444
10 0.378594 0.461528 0.006094 0.017222
0 0.401992 0.459028 0.013203 0.015833
