2 0.034883 0.462917 0.069766 0.381667
0 0.282578 0.474444 0.036406 0.039444
4 0.278008 0.449236 0.055391 0.053472
10 0.393203 0.462431 0.005938 0.022639
10 0.386641 0.461042 0.005781 0.022917
0 0.480391 0.499375 0.088281 0.130972
0 0.416406 0.448611 0.007969 0.011389
10 0.534453 0.456875 0.006719 0.019306
7 0.561016 0.455208 0.015 0.02375
7 0.58 0.458333 0.01875 0.03
13 0.722422 0.478958 0.019219 0.094306
9 0.923242 0.397917 0.153516 0.271944
9 0.883437 0.407639 0.189062 0.201111
9 0.690547 0.423056 0.103906 0.124444
