0 0.986172 0.417431 0.027656 0.052639
0 0.944414 0.437153 0.046484 0.049028
0 0.860312 0.427639 0.0975 0.063333
5 0.828711 0.463542 0.027578 0.149583
10 0.962969 0.555069 0.074062 0.310972
4 0.406133 0.410833 0.042422 0.058611
5 0.529922 0.426389 0.012812 0.039444
0 0.342891 0.437222 0.020781 0.022778
9 0.32875 0.418611 0.024844 0.062222
3 0.308203 0.440764 0.024219 0.032361
3 0.29207 0.437847 0.014766 0.02875
10 0.259102 0.441389 0.008047 0.028611
0 0.228828 0.449167 0.039062 0.034722
0 0.1525 0.451528 0.046406 0.039444
0 0.104727 0.459375 0.076016 0.045417
0 0.069023 0.631597 0.138047 0.428194
