7 0.960586 0.466458 0.078828 0.157917
0 0.932969 0.467083 0.119063 0.118333
0 0.909062 0.459306 0.096875 0.105278
4 0.749609 0.428264 0.105 0.19375
4 0.717656 0.428819 0.107031 0.154306
10 0.783594 0.519722 0.072031 0.202222
0 0.660781 0.434236 0.035 0.033472
5 0.623477 0.439583 0.011484 0.058611
10 0.553477 0.449167 0.011484 0.051389
9 0.398047 0.41625 0.035625 0.050278
9 0.325742 0.421667 0.043047 0.053889
3 0.324062 0.440833 0.015469 0.0275
0 0.354648 0.432431 0.022891 0.022639
0 0.28168 0.442569 0.023516 0.02625
0 0.200586 0.452708 0.044453 0.029861
0 0.127188 0.589722 0.254375 0.335
