0 0.959609 0.489861 0.080781 0.065833
10 0.991563 0.581944 0.016875 0.1925
10 0.83543 0.517361 0.106953 0.187778
3 0.751328 0.4725 0.077344 0.078889
13 0.746289 0.489792 0.084766 0.130417
0 0.61875 0.455139 0.076094 0.065833
14 0.636602 0.492222 0.104922 0.130278
7 0.505039 0.453889 0.043672 0.058611
9 0.390313 0.406667 0.074063 0.124444
0 0.316328 0.444931 0.020156 0.02875
10 0.30625 0.447361 0.010781 0.038333
0 0.245664 0.438958 0.013516 0.014306
9 0.188477 0.409097 0.051172 0.14125
0 0.163594 0.459931 0.056563 0.080139
3 0.121211 0.450347 0.029609 0.063472
0 0.103047 0.455764 0.037656 0.064583
3 0.065 0.451528 0.054531 0.0825
0 0.090859 0.639931 0.181719 0.435417
0 0.527891 0.442639 0.032969 0.031111
