0 0.986836 0.545486 0.026328 0.122083
0 0.973047 0.510139 0.053906 0.075278
0 0.916484 0.509583 0.105 0.124444
0 0.830391 0.499375 0.107656 0.118472
7 0.737852 0.485694 0.116328 0.129167
0 0.681016 0.4725 0.055156 0.071667
10 0.633555 0.49875 0.058516 0.136389
9 0.506367 0.392917 0.132578 0.261944
0 0.411172 0.464722 0.032344 0.044167
9 0.364063 0.447361 0.048438 0.066944
10 0.340195 0.462361 0.010078 0.046667
10 0.305547 0.458125 0.009375 0.035972
14 0.296797 0.452153 0.010781 0.02625
3 0.279336 0.446806 0.012109 0.022778
11 0.254063 0.432431 0.024844 0.065694
9 0.216719 0.433611 0.009375 0.025
4 0.199219 0.436597 0.010781 0.024028
6 0.194844 0.444375 0.00875 0.020417
0 0.176719 0.444375 0.011406 0.013194
10 0.176016 0.450972 0.004687 0.019167
9 0.073359 0.4025 0.146719 0.386389
0 0.080781 0.634583 0.161562 0.415
