5 0.696133 0.476111 0.026172 0.121944
10 0.671211 0.482083 0.031641 0.100556
10 0.648359 0.485069 0.042344 0.087361
10 0.610664 0.483889 0.041016 0.0825
13 0.594883 0.479653 0.038984 0.069306
14 0.497305 0.476667 0.031016 0.061111
0 0.470391 0.462292 0.030938 0.029861
0 0.549102 0.466528 0.040391 0.043056
9 0.384609 0.435417 0.054531 0.090833
10 0.341875 0.468333 0.013437 0.022778
0 0.315625 0.465903 0.014844 0.020417
9 0.241953 0.441389 0.054531 0.098056
0 0.252734 0.476667 0.034375 0.053889
3 0.186094 0.474861 0.032969 0.062222
0 0.193867 0.474236 0.032266 0.049028
0 0.106328 0.642361 0.212656 0.406667
