5 0.840117 0.462361 0.023516 0.125556
3 0.804141 0.432986 0.059219 0.071806
0 0.728438 0.444375 0.059844 0.046528
6 0.616055 0.437222 0.031641 0.063333
5 0.589805 0.448542 0.018203 0.064583
10 0.567617 0.446181 0.022266 0.050139
0 0.472734 0.441389 0.032969 0.023889
10 0.466367 0.451528 0.009453 0.034722
14 0.449531 0.449722 0.033594 0.043056
0 0.34793 0.451528 0.018828 0.020278
9 0.289727 0.433611 0.069297 0.075278
0 0.318008 0.458125 0.028984 0.040694
3 0.272266 0.460556 0.028906 0.038333
10 0.215039 0.465347 0.010078 0.033472
0 0.097969 0.477917 0.053125 0.034722
0 0.084805 0.671667 0.169609 0.489167
