5 0.850586 0.487431 0.029609 0.190139
6 0.84918 0.500625 0.106328 0.192639
10 0.775859 0.498194 0.0525 0.151944
10 0.74793 0.504722 0.023516 0.117222
10 0.715625 0.488056 0.050469 0.081389
10 0.671563 0.495833 0.059219 0.113611
13 0.635938 0.48625 0.045781 0.089722
3 0.58375 0.470069 0.070625 0.059861
14 0.531641 0.485 0.039062 0.0825
0 0.480156 0.461667 0.034375 0.043056
9 0.380898 0.429444 0.067266 0.105278
0 0.31293 0.461736 0.025547 0.021528
10 0.31668 0.462917 0.010078 0.035833
9 0.212031 0.432431 0.057812 0.115972
0 0.210664 0.474306 0.040391 0.063333
3 0.149453 0.465347 0.048438 0.057361
3 0.146094 0.467708 0.044375 0.055139
3 0.131289 0.469444 0.043047 0.058611
0 0.105 0.644722 0.21 0.413889
