0 0.242617 0.559236 0.211016 0.259306
9 0.330781 0.423958 0.047656 0.076806
1 0.369922 0.436319 0.021563 0.041528
14 0.403086 0.428958 0.033047 0.060694
11 0.442695 0.426667 0.038047 0.075278
14 0.470273 0.443542 0.013672 0.019306
4 0.469375 0.432847 0.014063 0.035694
14 0.493359 0.447708 0.0125 0.034861
3 0.487695 0.443194 0.018828 0.031111
10 0.512578 0.466667 0.015156 0.061667
5 0.537578 0.447292 0.006719 0.031528
3 0.620586 0.448819 0.033203 0.04625
4 0.774883 0.408194 0.214453 0.191389
4 0.889609 0.437917 0.220781 0.249167
0 0.945625 0.518194 0.10875 0.176667
10 0.739062 0.560625 0.071875 0.275417
