9 0.094219 0.426667 0.188437 0.341389
0 0.134961 0.608681 0.269922 0.367083
0 0.281719 0.462778 0.050937 0.065278
0 0.234453 0.462083 0.036875 0.035833
4 0.31082 0.439861 0.033047 0.064444
1 0.330977 0.444653 0.018047 0.034306
0 0.356055 0.453125 0.033047 0.041528
0 0.402617 0.447361 0.018516 0.025
2 0.435664 0.424861 0.041016 0.093333
4 0.46418 0.43125 0.010703 0.028611
4 0.479531 0.431181 0.015937 0.03875
3 0.484687 0.443125 0.01875 0.03625
14 0.499648 0.448125 0.015547 0.040139
10 0.53625 0.478056 0.027813 0.099444
5 0.600234 0.459931 0.014219 0.06375
3 0.93457 0.474931 0.130859 0.164861
