7 0.056367 0.491042 0.112734 0.087639
13 0.044727 0.494792 0.039766 0.082639
10 0.078633 0.495417 0.031328 0.100556
0 0.191875 0.577847 0.249219 0.294028
9 0.220273 0.418194 0.098828 0.136667
9 0.342891 0.418333 0.071406 0.106944
0 0.404805 0.445069 0.018047 0.027083
0 0.377305 0.454236 0.034141 0.047361
11 0.438086 0.426389 0.034922 0.086111
4 0.472227 0.433403 0.016016 0.037639
3 0.48375 0.443403 0.016719 0.03375
14 0.494258 0.448264 0.013672 0.037639
10 0.519648 0.471042 0.019922 0.075139
5 0.558164 0.453333 0.009297 0.045278
3 0.692266 0.457014 0.055 0.075139
4 0.929414 0.355417 0.141172 0.364167
