10 0.641641 0.471944 0.031562 0.120833
4 0.611016 0.423472 0.032344 0.055
10 0.621094 0.437847 0.006719 0.02875
10 0.598555 0.449167 0.014141 0.053889
0 0.588477 0.430625 0.016797 0.02625
4 0.541406 0.425278 0.019531 0.053889
3 0.556875 0.428264 0.015469 0.033472
3 0.477461 0.473125 0.105703 0.190139
4 0.398711 0.436597 0.045078 0.047917
4 0.363047 0.439583 0.039688 0.041944
4 0.326094 0.444375 0.039688 0.046528
4 0.216055 0.437847 0.075391 0.071806
4 0.188164 0.447917 0.055859 0.058611
4 0.128594 0.443194 0.080781 0.106389
