10 0.778555 0.532292 0.064609 0.244028
4 0.035039 0.434792 0.070078 0.087361
0 0.104023 0.480833 0.100234 0.090833
4 0.099336 0.424028 0.131172 0.101667
10 0.6175 0.456319 0.02 0.075139
10 0.608867 0.438472 0.011641 0.0475
9 0.208945 0.418194 0.086797 0.09
4 0.239023 0.421181 0.040078 0.07625
4 0.244297 0.418264 0.047344 0.06625
4 0.307188 0.423681 0.04625 0.043472
0 0.336133 0.428125 0.023984 0.030694
4 0.360625 0.413264 0.033906 0.034583
4 0.421016 0.411319 0.046719 0.062361
3 0.485 0.489444 0.1325 0.274167
