10 0.652734 0.497639 0.039062 0.143611
10 0.592852 0.467708 0.014766 0.059861
0 0.556836 0.445 0.016797 0.026389
4 0.603594 0.432986 0.041719 0.059861
4 0.570625 0.43125 0.030938 0.046667
4 0.55418 0.432986 0.014141 0.02625
3 0.47668 0.493333 0.109922 0.221111
4 0.350977 0.452153 0.049141 0.043194
4 0.285391 0.452153 0.076719 0.069306
4 0.256445 0.461111 0.043047 0.053889
4 0.118867 0.451528 0.062578 0.085
4 0.071055 0.467083 0.076016 0.073056
4 0.02125 0.455764 0.0425 0.110139
10 0.069062 0.502361 0.032969 0.081389
