4 0.01418 0.450347 0.028359 0.118472
0 0.03 0.470069 0.037031 0.064583
0 0.046836 0.469514 0.046484 0.063472
0 0.057617 0.464722 0.054453 0.063333
0 0.068711 0.465278 0.053828 0.062222
4 0.176016 0.436597 0.098906 0.134028
4 0.242305 0.427639 0.051172 0.056111
4 0.267852 0.435972 0.026953 0.034722
4 0.284023 0.429375 0.021484 0.033472
18 0.326055 0.428264 0.024922 0.047917
4 0.358359 0.425833 0.067969 0.148333
1 0.402422 0.418681 0.032344 0.095694
3 0.46332 0.505347 0.146016 0.302639
10 0.598945 0.445 0.012109 0.055
10 0.619414 0.465903 0.023516 0.094583
10 0.917148 0.560417 0.098203 0.297778
