0 0.965312 0.793681 0.069375 0.338472
1 0.944102 0.470694 0.111797 0.216389
6 0.696445 0.485625 0.057891 0.124306
4 0.693125 0.446736 0.083438 0.118472
3 0.615078 0.445556 0.045781 0.096944
3 0.556172 0.513194 0.1325 0.265556
4 0.384297 0.447986 0.072656 0.159028
3 0.446836 0.455139 0.018828 0.034722
0 0.466875 0.453194 0.015469 0.023056
0 0.307773 0.45875 0.016016 0.024722
10 0.291211 0.468264 0.024766 0.044306
3 0.219727 0.466736 0.035547 0.034306
0 0.201016 0.471944 0.029219 0.038056
0 0.158945 0.474514 0.062891 0.053194
0 0.033945 0.4975 0.067891 0.065
0 0.019805 0.501042 0.039609 0.067083
