4 0.350977 0.437222 0.062578 0.168611
10 0.433047 0.466458 0.012812 0.052639
0 0.521875 0.439583 0.098906 0.058611
19 0.490898 0.469514 0.024922 0.051528
4 0.402773 0.449792 0.047734 0.045417
10 0.396367 0.461181 0.009453 0.037083
0 0.281992 0.453333 0.014766 0.011944
10 0.267227 0.452708 0.005391 0.017917
0 0.315312 0.453958 0.011406 0.017917
0 0.177344 0.456944 0.019531 0.026389
9 0.115117 0.439653 0.113047 0.080139
1 0.128594 0.462361 0.033594 0.051389
0 0.071758 0.47125 0.058516 0.043056
0 0.016523 0.452778 0.033047 0.096944
