4 0.038281 0.647986 0.076563 0.704028
0 0.366484 0.455694 0.029687 0.0325
0 0.396719 0.466319 0.014844 0.039583
0 0.448672 0.463819 0.02625 0.050694
10 0.495586 0.470486 0.012891 0.057083
10 0.486992 0.4575 0.007266 0.025833
10 0.470234 0.455417 0.007344 0.021944
10 0.477227 0.454861 0.005859 0.021389
0 0.535664 0.464167 0.012734 0.033889
11 0.135156 0.386944 0.249062 0.300833
4 0.279492 0.425694 0.058672 0.143056
5 0.909883 0.610486 0.077891 0.507639
11 0.861484 0.507361 0.277031 0.648889
0 0.415156 0.454167 0.020469 0.026667
4 0.42832 0.451319 0.012266 0.020972
