10 0.056602 0.512917 0.034453 0.1225
12 0.089766 0.455625 0.102344 0.16875
6 0.250625 0.471458 0.040937 0.086528
0 0.398008 0.438125 0.013828 0.032917
0 0.41957 0.430139 0.025234 0.053889
9 0.46457 0.421319 0.014922 0.029861
0 0.496289 0.456181 0.033047 0.05125
3 0.484141 0.450694 0.013906 0.050556
10 0.569766 0.479167 0.020781 0.095
10 0.530781 0.447847 0.009375 0.034583
0 0.488398 0.416319 0.008047 0.015139
5 0.522852 0.436736 0.003359 0.014583
10 0.474336 0.438264 0.005234 0.020972
10 0.670469 0.465347 0.02125 0.082083
10 0.693633 0.474792 0.016797 0.066806
0 0.502852 0.435417 0.014609 0.019444
10 0.642656 0.491736 0.03 0.122639
10 0.719414 0.466458 0.044922 0.095417
14 0.749258 0.447083 0.030234 0.094167
10 0.721055 0.464931 0.016797 0.072361
5 0.735859 0.463611 0.01125 0.081111
