0 0.191172 0.465278 0.032344 0.035833
0 0.226172 0.464097 0.028281 0.038194
0 0.308242 0.460486 0.044453 0.033472
5 0.279648 0.458125 0.004766 0.02625
2 0.378242 0.441389 0.036328 0.0525
16 0.923906 0.505347 0.111719 0.240417
3 0.729453 0.532292 0.24625 0.394861
9 0.616406 0.431806 0.048438 0.081389
10 0.561602 0.451875 0.011641 0.035139
0 0.533906 0.454167 0.030781 0.051389
0 0.516875 0.444097 0.012344 0.020694
0 0.494219 0.444375 0.012969 0.017917
0 0.509766 0.441181 0.009688 0.018472
9 0.507188 0.42875 0.012969 0.038611
0 0.490469 0.439444 0.00875 0.016111
0 0.475195 0.439444 0.010078 0.012778
2 0.454961 0.433681 0.018828 0.044861
0 0.442617 0.444028 0.009766 0.021944
