1 0.037031 0.473056 0.074063 0.058611
0 0.214023 0.469514 0.033672 0.037083
10 0.241641 0.465347 0.009375 0.033472
0 0.256445 0.4575 0.018828 0.022778
4 0.295117 0.452778 0.023516 0.041944
0 0.409844 0.453403 0.024219 0.033472
10 0.588125 0.465278 0.0175 0.055
5 0.731797 0.477292 0.019531 0.090972
0 0.51918 0.451597 0.024922 0.044306
0 0.475469 0.445625 0.015469 0.025139
0 0.49125 0.442569 0.016094 0.02625
9 0.479141 0.430069 0.020156 0.044306
0 0.438789 0.447361 0.012109 0.016667
10 0.454922 0.446806 0.006719 0.015556
9 0.449531 0.433056 0.018906 0.038333
