3 0.813555 0.574167 0.349922 0.550278
4 0.651055 0.422292 0.026172 0.076528
4 0.61875 0.4175 0.042344 0.069444
0 0.131641 0.467083 0.037031 0.039444
0 0.170313 0.465903 0.032344 0.037083
0 0.238281 0.456944 0.021563 0.031111
0 0.283008 0.4575 0.058516 0.034722
9 0.34793 0.439583 0.044453 0.065833
10 0.556055 0.450972 0.010391 0.033611
0 0.527344 0.45125 0.030156 0.049167
0 0.508633 0.440486 0.012422 0.020417
0 0.502305 0.437431 0.008203 0.016528
2 0.498789 0.425694 0.017422 0.036944
0 0.486523 0.441944 0.012734 0.020556
0 0.482266 0.435486 0.009844 0.014583
4 0.46625 0.431736 0.009844 0.017083
2 0.439219 0.429931 0.023906 0.059583
0 0.427812 0.441736 0.012969 0.027083
