9 0.902383 0.405556 0.195234 0.2775
10 0.573242 0.46625 0.014922 0.051111
0 0.513711 0.460278 0.026172 0.043333
0 0.486875 0.450069 0.014688 0.021806
0 0.470898 0.452153 0.014922 0.021806
9 0.47457 0.433403 0.017578 0.040694
9 0.446836 0.440139 0.013828 0.029167
0 0.439492 0.450833 0.010234 0.018333
0 0.424531 0.454444 0.017344 0.025556
4 0.312461 0.455833 0.019609 0.034444
0 0.280625 0.463403 0.019375 0.024583
0 0.255273 0.469931 0.026172 0.032361
0 0.045 0.517569 0.09 0.099583
1 0.109336 0.468333 0.070391 0.048056
