10 0.644492 0.463403 0.026172 0.082083
0 0.621953 0.436181 0.017812 0.019861
0 0.532891 0.444931 0.027187 0.04375
0 0.551406 0.439861 0.016875 0.023056
0 0.489258 0.441806 0.018516 0.026944
0 0.502852 0.439514 0.012891 0.022361
9 0.483867 0.422569 0.018984 0.04375
9 0.444141 0.426458 0.025 0.052917
0 0.431641 0.444097 0.014687 0.020694
0 0.394727 0.458333 0.037578 0.055278
10 0.298906 0.465208 0.015938 0.05375
4 0.184961 0.455972 0.058203 0.064444
0 0.109219 0.471319 0.046562 0.049028
5 0.075547 0.484792 0.01125 0.054583
5 0.04207 0.480972 0.011641 0.065278
5 0.016445 0.483264 0.017266 0.065139
