0 0.043477 0.489792 0.067891 0.068194
5 0.128555 0.474028 0.017422 0.055278
5 0.170859 0.472917 0.008281 0.047222
0 0.146602 0.462986 0.028672 0.027361
0 0.179727 0.467014 0.035234 0.035417
0 0.243203 0.517569 0.109844 0.158472
10 0.618867 0.466319 0.020703 0.070694
0 0.527305 0.449375 0.026484 0.045694
10 0.351875 0.459097 0.00875 0.038472
0 0.420703 0.452778 0.022656 0.035
9 0.445977 0.432917 0.020078 0.047222
0 0.482891 0.446111 0.019375 0.031111
0 0.49875 0.443542 0.014844 0.022361
9 0.480781 0.425972 0.015156 0.040278
9 0.397578 0.438611 0.012656 0.031111
