11 0.028281 0.468889 0.056563 0.22
3 0.073398 0.478472 0.040391 0.0575
0 0.104727 0.491597 0.100234 0.069306
3 0.200586 0.499375 0.102266 0.16625
9 0.760742 0.415069 0.106953 0.165139
9 0.859961 0.413889 0.113047 0.1675
10 0.566641 0.463542 0.012031 0.043472
0 0.513359 0.455486 0.025781 0.044306
0 0.490117 0.444792 0.014609 0.019861
0 0.479609 0.42875 0.017656 0.036667
0 0.474023 0.446736 0.015078 0.020694
0 0.468867 0.441389 0.008984 0.016111
9 0.451016 0.438333 0.012969 0.026667
5 0.456602 0.447917 0.004297 0.018333
0 0.436836 0.448264 0.012891 0.02375
0 0.288086 0.46125 0.023203 0.026667
0 0.304609 0.455903 0.018437 0.025139
0 0.330859 0.449444 0.015 0.030556
