0 0.790312 0.456319 0.044844 0.045417
0 0.831016 0.452639 0.049062 0.043611
0 0.641836 0.468333 0.049609 0.060278
5 0.59332 0.454444 0.007891 0.038056
0 0.530937 0.459514 0.035469 0.059306
0 0.478281 0.462292 0.032344 0.044583
9 0.47957 0.426111 0.022422 0.046389
0 0.436797 0.449306 0.014063 0.024167
0 0.449297 0.452083 0.010937 0.022222
0 0.419805 0.457708 0.014609 0.025972
0 0.263789 0.486458 0.082422 0.105694
4 0.30582 0.446111 0.045391 0.073333
10 0.385117 0.461875 0.005703 0.019583
0 0.402109 0.452153 0.019844 0.027917
5 0.163359 0.482778 0.021406 0.074167
10 0.222852 0.475347 0.011953 0.06125
10 0.085078 0.492014 0.06625 0.100139
13 0.044375 0.490208 0.024531 0.083472
4 0.078047 0.455417 0.061563 0.09
5 0.497461 0.45125 0.004141 0.015
10 0.509883 0.452014 0.006172 0.020694
4 0.501328 0.440833 0.01 0.022778
