13 0.639961 0.467778 0.024453 0.078889
0 0.568828 0.474236 0.061562 0.098194
0 0.47918 0.469444 0.056172 0.078889
4 0.513594 0.425139 0.012656 0.0225
9 0.491836 0.416319 0.019922 0.059583
0 0.34918 0.462986 0.057109 0.065972
0 0.448828 0.439583 0.019063 0.0225
4 0.455156 0.430764 0.013594 0.037083
3 0.426406 0.438611 0.013125 0.031944
6 0.40625 0.442014 0.015469 0.027361
12 0.762227 0.462917 0.096953 0.095
7 0.71332 0.4525 0.106016 0.064444
6 0.081133 0.492222 0.062578 0.123333
8 0.534141 0.448194 0.013125 0.026389
10 0.511758 0.438611 0.004922 0.015556
9 0.365313 0.432222 0.0425 0.0675
