13 0.901289 0.545069 0.068828 0.243194
0 0.951992 0.459722 0.096016 0.085278
0 0.60418 0.478264 0.074297 0.112639
4 0.513164 0.426736 0.015391 0.032083
10 0.543906 0.451667 0.008125 0.040278
10 0.534375 0.451111 0.009375 0.038889
0 0.47418 0.489514 0.075234 0.10625
9 0.480078 0.423542 0.021719 0.074028
4 0.434805 0.435556 0.019922 0.056389
0 0.416211 0.453264 0.022578 0.037083
3 0.29043 0.470694 0.067578 0.107222
10 0.232539 0.468056 0.021484 0.0725
14 0.349609 0.447361 0.024844 0.059722
10 0.374297 0.449514 0.005625 0.023472
