11 0.014766 0.442014 0.029531 0.117639
4 0.028125 0.439931 0.05625 0.115417
4 0.036328 0.442014 0.072656 0.109028
4 0.050078 0.444653 0.100156 0.099861
10 0.170117 0.464097 0.016484 0.059861
10 0.24207 0.448264 0.014922 0.047083
0 0.411719 0.463056 0.05 0.074167
0 0.422852 0.437014 0.034297 0.051806
4 0.454961 0.405486 0.035391 0.099583
0 0.491484 0.476389 0.072187 0.117778
7 0.468555 0.441667 0.035234 0.058333
10 0.52543 0.445069 0.015703 0.057083
9 0.708203 0.440417 0.198125 0.253333
9 0.868984 0.428611 0.262031 0.452222
