9 0.797422 0.400069 0.239531 0.314583
10 0.796406 0.538264 0.06125 0.227361
6 0.638281 0.477847 0.047813 0.123194
4 0.645703 0.419861 0.092188 0.136389
0 0.534297 0.474861 0.0525 0.086111
9 0.538672 0.420417 0.028906 0.0825
0 0.498984 0.470069 0.039688 0.057361
0 0.431367 0.464722 0.033672 0.041944
11 0.456953 0.434236 0.039062 0.064583
3 0.408164 0.452708 0.027578 0.044306
2 0.320352 0.446806 0.119766 0.151944
9 0.265195 0.429444 0.133203 0.131667
9 0.143711 0.435417 0.211953 0.191389
9 0.018555 0.425833 0.037109 0.256111
