0 0.094883 0.536042 0.189766 0.210972
3 0.176016 0.472639 0.0775 0.106389
9 0.067852 0.481875 0.135703 0.145139
4 0.192031 0.435208 0.07875 0.077083
4 0.206758 0.438333 0.076016 0.0675
4 0.210469 0.43625 0.081094 0.075
4 0.225625 0.438819 0.076406 0.067639
11 0.320273 0.430903 0.099141 0.164028
0 0.385586 0.446389 0.034766 0.047778
0 0.461484 0.458681 0.045625 0.063194
0 0.472031 0.440069 0.027656 0.046528
9 0.494453 0.402222 0.030156 0.085
0 0.526406 0.468472 0.057344 0.099444
7 0.513594 0.450625 0.043594 0.056806
6 0.737773 0.526181 0.132422 0.27625
9 0.796641 0.454861 0.227656 0.332778
9 0.674687 0.427361 0.124062 0.173889
4 0.625781 0.422986 0.084219 0.12375
