9 0.033047 0.430694 0.066094 0.198056
0 0.122734 0.476736 0.066875 0.067083
2 0.188438 0.460417 0.049063 0.0525
0 0.270859 0.510278 0.1575 0.2025
2 0.258047 0.431944 0.074531 0.096389
0 0.379063 0.457153 0.012656 0.01875
0 0.423047 0.455833 0.020625 0.023611
7 0.446992 0.462361 0.034766 0.050833
9 0.478633 0.430625 0.041797 0.054028
4 0.499766 0.413819 0.049219 0.122917
0 0.503828 0.474722 0.050781 0.082222
0 0.534687 0.451111 0.015625 0.019722
10 0.561133 0.456528 0.007734 0.036667
0 0.558477 0.453264 0.027422 0.017917
