3 0.768477 0.503542 0.152109 0.224861
0 0.610703 0.474861 0.02625 0.050278
10 0.593203 0.487986 0.019531 0.076528
2 0.43543 0.412083 0.073984 0.218889
7 0.352969 0.504792 0.105625 0.153194
0 0.235234 0.488681 0.088125 0.099306
0 0.140039 0.48625 0.061953 0.049167
10 0.545352 0.471389 0.010078 0.046667
10 0.551055 0.469722 0.009453 0.033611
10 0.533438 0.466875 0.007344 0.03375
10 0.521914 0.470486 0.009766 0.04375
0 0.518437 0.457431 0.011875 0.022639
0 0.488633 0.460139 0.016797 0.020278
0 0.484727 0.448819 0.007266 0.014861
