3 0.915859 0.572361 0.168281 0.455833
0 0.625469 0.477292 0.039687 0.057361
10 0.599922 0.486875 0.016875 0.076528
10 0.552187 0.468056 0.008438 0.036667
10 0.542148 0.4675 0.009297 0.049167
10 0.532383 0.462153 0.004922 0.030972
5 0.525742 0.457917 0.003828 0.025833
10 0.518633 0.468542 0.008672 0.044861
0 0.516328 0.452778 0.008125 0.021667
0 0.488125 0.457639 0.012812 0.018056
0 0.479727 0.446042 0.005234 0.013472
0 0.469102 0.456667 0.014766 0.024167
4 0.430469 0.411736 0.071719 0.21125
7 0.355703 0.499236 0.103906 0.144583
0 0.06832 0.507153 0.136641 0.174583
