10 0.979766 0.619583 0.040469 0.265556
7 0.436406 0.483264 0.084375 0.135417
10 0.56168 0.465903 0.013047 0.066528
10 0.554063 0.458125 0.011719 0.052639
10 0.523164 0.454306 0.012578 0.0525
13 0.539805 0.446875 0.007734 0.039028
5 0.533789 0.443681 0.006172 0.024306
3 0.505 0.437083 0.012188 0.027222
0 0.484883 0.435 0.007578 0.009722
9 0.409102 0.399444 0.076484 0.218056
9 0.275781 0.438889 0.054219 0.101389
0 0.363945 0.449236 0.019453 0.034583
9 0.343867 0.423472 0.032734 0.048333
11 0.37293 0.424583 0.018203 0.046944
