10 0.960938 0.609444 0.078125 0.405556
5 0.873945 0.468889 0.024609 0.133611
10 0.705742 0.470069 0.023984 0.112917
10 0.644492 0.470625 0.024609 0.102639
9 0.621797 0.436111 0.044062 0.086389
9 0.698281 0.399167 0.127031 0.194722
10 0.547617 0.460278 0.007109 0.031111
0 0.537266 0.457917 0.012344 0.017222
9 0.405703 0.379097 0.100469 0.269583
10 0.28582 0.461389 0.007109 0.024167
0 0.271563 0.462014 0.022656 0.020694
5 0.245938 0.464236 0.009063 0.034583
0 0.209023 0.461458 0.027266 0.019583
10 0.200586 0.465486 0.011641 0.034583
3 0.18957 0.462569 0.033672 0.040417
3 0.162344 0.461944 0.040156 0.055278
9 0.114102 0.450486 0.071953 0.096806
11 0.051055 0.418194 0.102109 0.225833
7 0.471172 0.46375 0.097813 0.194722
