13 0.76543 0.500625 0.034297 0.192639
10 0.659805 0.508958 0.045078 0.180694
10 0.655781 0.465903 0.028906 0.087361
10 0.596914 0.480903 0.022891 0.114861
10 0.576758 0.461944 0.008672 0.058333
10 0.549141 0.466111 0.010313 0.059722
3 0.516289 0.444167 0.014609 0.034167
7 0.464258 0.479306 0.069922 0.12
9 0.403828 0.394514 0.085156 0.220139
0 0.350156 0.449444 0.030313 0.046667
11 0.259766 0.429653 0.07125 0.100694
0 0.297031 0.454722 0.019531 0.025556
9 0.191328 0.425069 0.084062 0.111806
8 0.014844 0.493403 0.029687 0.060972
9 0.051875 0.468889 0.0525 0.069444
4 0.011133 0.459306 0.022266 0.074167
4 0.054219 0.453958 0.074687 0.05375
