9 0.855937 0.399236 0.288125 0.372083
10 0.797773 0.532847 0.040859 0.169306
10 0.691797 0.5225 0.035 0.1325
9 0.682422 0.47 0.084844 0.133611
10 0.559609 0.494236 0.009063 0.034583
10 0.529805 0.4925 0.007734 0.031111
0 0.52625 0.484444 0.013594 0.021944
9 0.393047 0.41875 0.097187 0.273056
0 0.333437 0.494306 0.038906 0.039167
0 0.215859 0.499444 0.030469 0.033333
10 0.184727 0.501736 0.017422 0.040417
0 0.149063 0.508681 0.043437 0.02875
0 0.118008 0.508681 0.046016 0.049583
3 0.081055 0.508056 0.055078 0.064444
3 0.033867 0.508056 0.067734 0.085278
10 0.01918 0.516181 0.024609 0.07375
7 0.462422 0.515 0.111406 0.221111
