10 0.84668 0.531736 0.068672 0.222361
4 0.825 0.406667 0.128906 0.149722
10 0.648711 0.455069 0.016172 0.062083
16 0.621172 0.438403 0.011719 0.042639
0 0.59332 0.432569 0.018203 0.033472
10 0.600742 0.445833 0.011016 0.036944
4 0.575469 0.422222 0.021406 0.026389
1 0.546328 0.465417 0.064219 0.110556
9 0.493555 0.401458 0.067109 0.15125
10 0.443008 0.433958 0.008047 0.032917
3 0.420977 0.432639 0.023984 0.025
0 0.399961 0.436597 0.020078 0.024028
0 0.381445 0.436667 0.021016 0.029444
3 0.205234 0.449583 0.039062 0.060556
0 0.141641 0.461111 0.061094 0.060556
