0 0.119883 0.480347 0.090859 0.064861
10 0.111953 0.486181 0.034219 0.064028
0 0.075352 0.489722 0.084297 0.054167
9 0.283281 0.440069 0.095625 0.077917
10 0.272109 0.462431 0.012656 0.040972
0 0.350977 0.496528 0.111484 0.157778
4 0.428984 0.401042 0.077656 0.193472
0 0.491797 0.447083 0.01625 0.025278
10 0.51082 0.441458 0.006016 0.024861
10 0.528984 0.448681 0.007031 0.03125
0 0.475391 0.437708 0.008125 0.014028
0 0.476016 0.436111 0.005938 0.013333
3 0.679063 0.508264 0.146094 0.256528
4 0.944883 0.429861 0.110234 0.191944
9 0.761406 0.420556 0.08375 0.108611
