5 0.194258 0.490417 0.016016 0.074444
5 0.209375 0.491528 0.01 0.070278
5 0.230703 0.492292 0.011875 0.069028
2 0.281758 0.456458 0.097109 0.134306
9 0.396094 0.454514 0.049687 0.052361
0 0.461562 0.464722 0.026406 0.026944
0 0.525977 0.518264 0.099297 0.146528
9 0.55082 0.416111 0.052109 0.153889
10 0.581406 0.461806 0.008594 0.026944
10 0.593164 0.459097 0.004766 0.017917
10 0.601367 0.460903 0.006016 0.021528
7 0.633555 0.47625 0.050703 0.081944
5 0.713633 0.470208 0.008984 0.058472
10 0.751289 0.487292 0.027266 0.08875
0 0.876758 0.667986 0.246484 0.452639
