0 0.148438 0.504583 0.13 0.151389
10 0.237656 0.452292 0.011719 0.044583
10 0.300273 0.459375 0.045859 0.072917
0 0.353555 0.441458 0.021172 0.027083
9 0.373984 0.420833 0.033281 0.053889
9 0.397422 0.419653 0.02625 0.04625
9 0.436836 0.408194 0.032734 0.100278
7 0.461602 0.434028 0.015078 0.027778
10 0.505859 0.438542 0.005781 0.029583
13 0.499375 0.432778 0.005781 0.024167
4 0.495898 0.420972 0.017109 0.035278
13 0.602656 0.456597 0.01375 0.05625
4 0.668633 0.420486 0.049609 0.069028
10 0.895937 0.520903 0.073438 0.20875
