10 0.03707 0.498264 0.032266 0.092083
10 0.335508 0.469444 0.024922 0.077778
9 0.338203 0.434861 0.037031 0.039444
9 0.401758 0.386944 0.106328 0.266667
4 0.966992 0.424097 0.066016 0.197361
5 0.90875 0.473681 0.023594 0.095694
5 0.783594 0.452708 0.018125 0.072917
8 0.74625 0.449792 0.033594 0.059861
10 0.708242 0.494583 0.043672 0.144722
10 0.605625 0.468333 0.037656 0.125556
10 0.642656 0.441389 0.013438 0.031111
6 0.577031 0.454583 0.037031 0.105278
10 0.536328 0.444931 0.008125 0.033472
0 0.513125 0.444375 0.018125 0.029861
7 0.477812 0.443125 0.0175 0.025139
4 0.478828 0.431806 0.022187 0.045556
