11 0.149141 0.428194 0.074687 0.069444
9 0.219062 0.442014 0.04375 0.05375
10 0.182109 0.481528 0.015469 0.058611
10 0.259453 0.468889 0.011406 0.047778
10 0.27793 0.463542 0.012109 0.041806
10 0.334141 0.45875 0.006094 0.03
0 0.35668 0.453333 0.014766 0.028611
9 0.408516 0.390556 0.094219 0.269167
0 0.468711 0.451528 0.023516 0.034722
10 0.536992 0.456875 0.014766 0.052639
0 0.51582 0.446806 0.018203 0.022778
0 0.561211 0.447361 0.032266 0.028611
0 0.916133 0.458125 0.076016 0.069306
3 0.710938 0.456944 0.058594 0.071667
0 0.766797 0.446806 0.066562 0.051389
3 0.716641 0.435417 0.056562 0.043056
