0 0.859961 0.467083 0.106328 0.073056
13 0.758711 0.5275 0.045078 0.210556
0 0.705898 0.480833 0.071328 0.081389
0 0.393359 0.557986 0.2375 0.362361
9 0.458945 0.424097 0.064609 0.154306
0 0.177383 0.471319 0.058516 0.069306
0 0.268555 0.455764 0.049766 0.069306
0 0.231875 0.466528 0.02625 0.050278
9 0.037383 0.408542 0.074766 0.271528
10 0.100977 0.471319 0.018828 0.069306
0 0.563984 0.446597 0.026875 0.034861
3 0.611836 0.445694 0.054297 0.047778
10 0.526523 0.447778 0.007266 0.035278
0 0.316094 0.446875 0.03625 0.05375
