0 0.636953 0.480208 0.088125 0.049028
1 0.597539 0.461111 0.106328 0.075278
3 0.56793 0.45875 0.088828 0.058611
0 0.496289 0.473681 0.038359 0.064583
0 0.470391 0.465903 0.028281 0.039583
0 0.443828 0.465903 0.028906 0.044306
5 0.427305 0.467708 0.012109 0.059861
0 0.42332 0.471875 0.025547 0.037083
10 0.406797 0.473125 0.012812 0.049028
10 0.385937 0.474931 0.012812 0.052639
2 0.380898 0.464722 0.018828 0.03
9 0.349297 0.456319 0.035 0.060972
9 0.317695 0.445556 0.078047 0.168611
9 0.016172 0.446181 0.032344 0.559861
0 0.075742 0.670486 0.151484 0.630417
