0 0.131484 0.622986 0.262969 0.387083
0 0.253711 0.498333 0.097266 0.112222
2 0.899727 0.442778 0.200547 0.885556
0 0.504375 0.469514 0.046094 0.074583
0 0.393164 0.488542 0.059141 0.086528
0 0.349375 0.474306 0.032344 0.046944
5 0.461797 0.456806 0.009531 0.025833
9 0.451641 0.445069 0.036875 0.047917
0 0.315508 0.460417 0.015703 0.022778
0 0.310586 0.455139 0.011172 0.016944
7 0.340078 0.460278 0.020156 0.032778
4 0.180234 0.458819 0.049219 0.04875
0 0.291914 0.453958 0.011484 0.017083
0 0.548516 0.457083 0.024219 0.023333
3 0.415859 0.45875 0.020469 0.026667
0 0.217188 0.442986 0.012812 0.020139
