0 0.241875 0.443681 0.008594 0.012083
4 0.209961 0.445417 0.030078 0.044722
0 0.297266 0.450486 0.008437 0.015972
1 0.258867 0.457778 0.018203 0.024167
0 0.317461 0.454167 0.016172 0.025833
0 0.343984 0.470208 0.030938 0.054028
3 0.413164 0.450417 0.011797 0.018611
0 0.405898 0.449792 0.009922 0.017361
5 0.45543 0.448958 0.005391 0.023472
9 0.442734 0.437778 0.030313 0.045556
0 0.500313 0.461597 0.044219 0.074028
0 0.37957 0.489722 0.074141 0.098889
11 0.068789 0.432222 0.137578 0.211111
0 0.197344 0.500833 0.11625 0.124722
2 0.832969 0.42375 0.334063 0.7375
