0 0.407969 0.528264 0.155 0.197361
0 0.543828 0.486181 0.078281 0.117639
0 0.583555 0.450069 0.034297 0.054028
0 0.818594 0.563056 0.252656 0.263611
0 0.511836 0.453611 0.032734 0.048889
0 0.658516 0.426528 0.015 0.018333
4 0.595469 0.438056 0.031406 0.05
10 0.656797 0.435694 0.007656 0.031389
10 0.047695 0.493194 0.032891 0.085278
12 0.175 0.462292 0.048906 0.047639
12 0.220742 0.418125 0.055859 0.034861
4 0.635625 0.411875 0.032188 0.067639
4 0.615547 0.416458 0.040156 0.054861
9 0.543828 0.416667 0.039844 0.051944
