10 0.698086 0.474097 0.029141 0.094583
10 0.904727 0.503056 0.049766 0.164722
0 0.301914 0.447431 0.020547 0.032083
0 0.320352 0.449653 0.024922 0.039583
0 0.403945 0.447431 0.020547 0.032083
3 0.382109 0.453472 0.040312 0.0625
0 0.343086 0.466458 0.048047 0.073194
0 0.432695 0.482431 0.064297 0.099028
0 0.559609 0.525903 0.124375 0.182917
4 0.247891 0.428403 0.020625 0.054861
0 0.211016 0.436736 0.010312 0.016806
9 0.14457 0.428403 0.047109 0.070139
0 0.184883 0.446597 0.030078 0.051806
0 0.228633 0.436736 0.009453 0.01375
