0 0.842187 0.690556 0.315625 0.57
3 0.378672 0.440556 0.040313 0.073056
0 0.421094 0.467986 0.063438 0.094583
0 0.328047 0.439028 0.028281 0.042778
0 0.24918 0.431389 0.023203 0.036667
0 0.2775 0.439792 0.03 0.050417
0 0.288203 0.445833 0.037656 0.065556
0 0.308789 0.458056 0.056641 0.09
0 0.112852 0.422222 0.012891 0.021389
0 0.1 0.431389 0.017969 0.024444
3 0.019766 0.442014 0.039531 0.060972
10 0.469141 0.436736 0.01375 0.047361
10 0.483711 0.442778 0.015391 0.053333
10 0.567734 0.452708 0.018906 0.070139
10 0.647031 0.461111 0.024844 0.096111
10 0.076836 0.435208 0.009453 0.038194
4 0.11543 0.409306 0.016328 0.035
