10 0.772656 0.495 0.055469 0.190833
0 0.459023 0.502083 0.105703 0.164722
3 0.275117 0.44875 0.038516 0.060556
3 0.129297 0.464861 0.052344 0.078056
9 0.368984 0.425486 0.039062 0.044028
9 0.666641 0.410139 0.084844 0.065278
0 0.425117 0.451944 0.045391 0.067222
5 0.72707 0.465069 0.019141 0.098472
10 0.589609 0.435347 0.011406 0.054861
10 0.567344 0.443472 0.0125 0.049444
10 0.532383 0.438819 0.010547 0.040972
3 0.170898 0.4425 0.026172 0.034722
3 0.209297 0.440764 0.027812 0.033194
3 0.232852 0.437917 0.020391 0.030833
