5 0.712422 0.472014 0.018906 0.108472
10 0.673164 0.491458 0.032266 0.135694
0 0.437734 0.508472 0.09 0.143889
0 0.383242 0.467083 0.044766 0.067222
3 0.294727 0.461736 0.038047 0.072083
3 0.320508 0.454167 0.021172 0.034444
0 0.064219 0.494028 0.057656 0.071667
10 0.478359 0.454653 0.00875 0.035694
4 0.339961 0.439861 0.025078 0.0375
10 0.49625 0.452639 0.006719 0.035833
10 0.519336 0.455625 0.010703 0.042917
10 0.533555 0.446944 0.009766 0.040833
5 0.57457 0.461111 0.009141 0.055
4 0.593359 0.429028 0.066406 0.052778
