5 0.854141 0.476181 0.028125 0.173194
10 0.732227 0.486181 0.038516 0.164583
0 0.454688 0.501458 0.097188 0.145694
0 0.406094 0.4575 0.0375 0.065833
3 0.315039 0.447014 0.026484 0.045417
3 0.239297 0.457847 0.048906 0.072083
9 0.367109 0.430069 0.037187 0.037083
4 0.278125 0.440694 0.0225 0.048333
5 0.510664 0.443194 0.009453 0.04
10 0.522539 0.442361 0.007891 0.040556
10 0.538359 0.441528 0.008594 0.041111
10 0.550234 0.446875 0.011406 0.04625
10 0.568594 0.440139 0.010156 0.042778
5 0.639844 0.457847 0.012656 0.072639
4 0.636523 0.417639 0.075703 0.0675
