12 0.969531 0.412847 0.060156 0.134861
0 0.810742 0.431458 0.053672 0.077639
10 0.838672 0.487917 0.043281 0.126111
10 0.665469 0.465486 0.020469 0.070694
5 0.698867 0.445208 0.012422 0.06875
0 0.628672 0.431806 0.015625 0.017778
0 0.619688 0.433056 0.016719 0.020278
12 0.602344 0.425556 0.01625 0.037222
5 0.576016 0.440347 0.004219 0.017083
10 0.566836 0.450486 0.010547 0.042361
10 0.553242 0.450278 0.009141 0.036944
10 0.534492 0.448125 0.010547 0.030972
0 0.47918 0.488681 0.077578 0.114306
0 0.453555 0.445208 0.020078 0.02875
0 0.443438 0.436528 0.0125 0.010833
0 0.424922 0.432431 0.013125 0.01875
0 0.414141 0.440208 0.008281 0.009583
9 0.333906 0.429167 0.036094 0.054167
9 0.296289 0.432639 0.049297 0.060556
0 0.259766 0.448125 0.021563 0.023472
5 0.177695 0.468125 0.006953 0.03875
10 0.154883 0.469028 0.009297 0.043056
5 0.208828 0.472153 0.006719 0.035139
0 0.123477 0.457014 0.037109 0.034028
0 0.15 0.453125 0.024688 0.035417
3 0.064687 0.455347 0.035156 0.052361
0 0.03668 0.464236 0.043203 0.039306
0 0.011758 0.463194 0.023516 0.046944
0 0.516641 0.432639 0.01875 0.023333
