12 0.958008 0.407014 0.083984 0.162639
12 0.819531 0.404236 0.085938 0.127639
4 0.677344 0.422153 0.059219 0.050417
3 0.584297 0.436111 0.035 0.03
10 0.62457 0.45875 0.034922 0.053333
10 0.57375 0.461319 0.017031 0.071806
10 0.565 0.456181 0.010469 0.054028
10 0.546484 0.452431 0.010781 0.041528
0 0.528047 0.441667 0.038594 0.031389
0 0.461094 0.468264 0.050469 0.077639
0 0.481445 0.442292 0.014922 0.026528
0 0.378086 0.447083 0.020078 0.028611
4 0.349414 0.441042 0.026797 0.041806
4 0.29793 0.454028 0.022891 0.038056
3 0.308242 0.451458 0.020703 0.037639
10 0.312266 0.455486 0.011875 0.032361
0 0.05207 0.495903 0.104141 0.132917
10 0.42875 0.442083 0.004531 0.018333
