1 0.975898 0.42875 0.048203 0.056944
12 0.874102 0.420972 0.105391 0.154444
12 0.810469 0.423056 0.071406 0.106667
0 0.570703 0.444097 0.027812 0.034583
10 0.579102 0.450486 0.016328 0.03625
10 0.568516 0.4625 0.015 0.056111
10 0.561836 0.455556 0.009609 0.040833
10 0.554375 0.452569 0.008906 0.039583
0 0.528164 0.44375 0.030859 0.023056
0 0.478398 0.475 0.055234 0.082222
9 0.47125 0.424097 0.024375 0.038194
10 0.45207 0.442222 0.006172 0.019167
0 0.441016 0.441667 0.007812 0.008333
0 0.419023 0.444792 0.018984 0.025417
0 0.356797 0.452986 0.026094 0.034306
0 0.334336 0.455417 0.021797 0.03
0 0.047891 0.458333 0.0525 0.043333
4 0.388203 0.441181 0.020625 0.037361
3 0.160469 0.464236 0.027969 0.033194
9 0.017656 0.459653 0.035313 0.160972
