0 0.965859 0.428542 0.068281 0.158194
0 0.971055 0.449583 0.057891 0.101111
12 0.881563 0.416944 0.069219 0.129722
4 0.643906 0.426042 0.04125 0.034861
3 0.57875 0.44125 0.03 0.029722
10 0.602891 0.457222 0.030781 0.048056
10 0.575234 0.465208 0.014375 0.065417
10 0.561641 0.460486 0.01125 0.053194
10 0.552461 0.453889 0.009297 0.043611
0 0.526953 0.445208 0.035313 0.027639
0 0.469492 0.472639 0.052422 0.080278
10 0.436797 0.445764 0.005625 0.019028
0 0.429375 0.442569 0.008906 0.010139
0 0.397031 0.448403 0.019687 0.026528
0 0.375781 0.448889 0.011094 0.021111
4 0.36375 0.443611 0.02625 0.038889
10 0.35043 0.454444 0.010859 0.026667
0 0.329414 0.453403 0.019922 0.031806
0 0.321094 0.456042 0.019062 0.032361
0 0.237734 0.466528 0.055156 0.061944
0 0.213906 0.471389 0.031875 0.054722
3 0.04582 0.472431 0.039141 0.047917
5 0.019727 0.478819 0.011484 0.06125
