0 0.977461 0.42 0.045078 0.085
5 0.990312 0.428264 0.019375 0.070694
0 0.898125 0.428889 0.064062 0.058056
0 0.847813 0.424028 0.062813 0.061389
0 0.780195 0.434167 0.035391 0.030556
3 0.738086 0.435069 0.037734 0.028472
0 0.735234 0.438889 0.021719 0.028611
10 0.785547 0.506389 0.045938 0.140833
12 0.659375 0.428889 0.036406 0.066944
3 0.674687 0.440208 0.032656 0.037361
10 0.545586 0.462014 0.012422 0.049861
10 0.525625 0.459028 0.009531 0.042778
10 0.53332 0.455903 0.010078 0.031528
0 0.54332 0.446389 0.024453 0.024444
0 0.45457 0.485347 0.064141 0.095972
4 0.397656 0.444583 0.012656 0.024444
9 0.201719 0.439444 0.118438 0.119167
9 0.100898 0.436944 0.121641 0.134167
0 0.507227 0.445556 0.022891 0.016944
