0 0.011758 0.514375 0.023516 0.205139
9 0.085742 0.457847 0.114141 0.132083
3 0.887773 0.450278 0.151797 0.131944
0 0.444258 0.458056 0.043984 0.061944
0 0.471133 0.444861 0.027422 0.038056
0 0.499648 0.440208 0.020391 0.03125
0 0.509492 0.437986 0.013359 0.024306
0 0.220312 0.462083 0.033906 0.053333
0 0.303477 0.459306 0.039766 0.048889
0 0.336602 0.448125 0.028516 0.02875
0 0.686016 0.468681 0.175469 0.129861
10 0.292305 0.475972 0.028984 0.095556
10 0.574961 0.496528 0.045703 0.169722
10 0.526641 0.474306 0.024375 0.103056
10 0.868164 0.475972 0.060703 0.128333
5 0.597969 0.442778 0.010156 0.04
