12 0.950977 0.409444 0.098047 0.14
12 0.901602 0.397639 0.112578 0.124167
4 0.804102 0.421736 0.104922 0.087917
3 0.635391 0.440625 0.056094 0.048194
4 0.319219 0.442917 0.038281 0.058611
0 0.469258 0.467014 0.050703 0.071528
0 0.493594 0.443403 0.017813 0.030694
0 0.562734 0.446597 0.055 0.044028
0 0.294023 0.462153 0.045234 0.059583
0 0.212383 0.467014 0.040547 0.05875
3 0.236016 0.463056 0.035312 0.058611
0 0.344297 0.449097 0.018125 0.030139
0 0.422656 0.443542 0.015625 0.029028
0 0.389883 0.442083 0.020859 0.025833
10 0.898281 0.504167 0.101719 0.160556
10 0.623711 0.471528 0.026641 0.093333
10 0.578516 0.462569 0.018281 0.06625
10 0.557734 0.454306 0.012969 0.055278
5 0.034297 0.470208 0.012812 0.067083
10 0.41832 0.449375 0.008984 0.03125
