9 0.150781 0.453403 0.086406 0.105139
3 0.772539 0.448333 0.115859 0.098333
3 0.987617 0.434097 0.024766 0.09375
3 0.215508 0.471597 0.066328 0.09125
0 0.336602 0.452847 0.028516 0.038194
0 0.428398 0.460972 0.046016 0.063611
0 0.446367 0.447986 0.028516 0.039861
0 0.48043 0.442847 0.021016 0.03125
0 0.493008 0.440625 0.016797 0.024028
0 0.504805 0.437222 0.013203 0.018056
0 0.625938 0.460208 0.105313 0.094028
10 0.328047 0.465486 0.019687 0.072917
10 0.308359 0.455139 0.007031 0.031944
10 0.567812 0.490486 0.041875 0.147639
10 0.678281 0.471111 0.037656 0.094167
10 0.523242 0.472431 0.022109 0.094306
0 0.24293 0.459028 0.025547 0.044167
