0 0.154414 0.492917 0.055078 0.0775
0 0.505469 0.470417 0.043437 0.058333
0 0.533086 0.459722 0.026172 0.038333
0 0.548633 0.454097 0.020078 0.032639
10 0.018828 0.587778 0.037656 0.306667
10 0.605586 0.547292 0.060234 0.25125
10 0.572383 0.501389 0.030859 0.126389
10 0.220781 0.490139 0.017031 0.067222
10 0.634258 0.461181 0.013984 0.055694
0 0.98625 0.659306 0.0275 0.273889
10 0.925117 0.493333 0.061172 0.086944
8 0.805391 0.481458 0.047187 0.074583
14 0.673945 0.461528 0.029766 0.073333
5 0.689844 0.466667 0.010781 0.059444
8 0.116484 0.497014 0.010937 0.046528
0 0.316484 0.462778 0.033281 0.022222
0 0.191289 0.46875 0.039453 0.035
