8 0.935508 0.464167 0.053672 0.076667
10 0.815234 0.464236 0.043125 0.049306
10 0.777422 0.453125 0.044062 0.044306
10 0.712734 0.450625 0.04125 0.042639
10 0.672031 0.460833 0.015313 0.052778
10 0.483711 0.453125 0.018203 0.054583
10 0.084609 0.494861 0.022969 0.076667
5 0.578594 0.454861 0.006719 0.044167
5 0.568516 0.453125 0.007656 0.047639
5 0.562266 0.453958 0.008594 0.045972
5 0.056328 0.488056 0.0125 0.073333
0 0.517734 0.488056 0.080469 0.1175
0 0.442539 0.445486 0.018203 0.029028
0 0.427656 0.453125 0.026875 0.047639
0 0.397969 0.454028 0.036406 0.049444
0 0.383086 0.486389 0.066172 0.100556
0 0.282969 0.467639 0.051719 0.056111
0 0.181875 0.48125 0.064219 0.076667
3 0.615938 0.442917 0.023906 0.047778
