3 0.638477 0.437847 0.034453 0.057917
0 0.447266 0.442014 0.022031 0.032361
0 0.427656 0.448056 0.026875 0.040833
0 0.398906 0.456528 0.036406 0.061389
0 0.339492 0.445486 0.026797 0.039306
0 0.37207 0.483819 0.067109 0.105694
0 0.176563 0.475278 0.08625 0.088611
8 0.91543 0.460833 0.047891 0.059722
8 0.829648 0.453125 0.039297 0.047639
8 0.764023 0.447986 0.032578 0.044306
10 0.719414 0.459097 0.018203 0.066528
5 0.611641 0.454792 0.007656 0.057917
5 0.601094 0.452292 0.013438 0.05625
5 0.591055 0.452292 0.012422 0.05625
10 0.546953 0.458264 0.020156 0.074861
0 0.501914 0.485486 0.081484 0.119306
