14 0.745586 0.462361 0.043047 0.093056
8 0.798945 0.478889 0.049766 0.088889
14 0.970313 0.496111 0.059375 0.107222
14 0.204375 0.465069 0.032969 0.04625
0 0.082031 0.497431 0.084687 0.099583
0 0.554727 0.462708 0.042422 0.056806
0 0.537383 0.448958 0.022266 0.035139
0 0.574102 0.447778 0.020859 0.034167
0 0.600078 0.44 0.012812 0.018889
0 0.313359 0.454375 0.038594 0.027361
10 0.692773 0.579375 0.094453 0.341806
10 0.615586 0.504028 0.039453 0.150833
10 0.1025 0.507153 0.029531 0.093194
10 0.767969 0.465556 0.012656 0.073889
0 0.166445 0.463403 0.049766 0.039583
