10 0.190391 0.466597 0.016094 0.04625
0 0.520937 0.505556 0.094375 0.144444
0 0.420391 0.475694 0.049844 0.080278
0 0.389141 0.453611 0.028437 0.049722
0 0.36543 0.446875 0.018672 0.031806
0 0.302187 0.450139 0.025312 0.046111
0 0.239883 0.466319 0.069141 0.062361
0 0.166172 0.451181 0.045937 0.037639
5 0.789961 0.495208 0.023984 0.093194
5 0.767695 0.489236 0.018672 0.097917
10 0.633906 0.464097 0.015625 0.053472
5 0.616406 0.467222 0.008594 0.048889
5 0.574023 0.462431 0.017734 0.056806
1 0.014375 0.460556 0.02875 0.100833
2 0.268164 0.436597 0.024609 0.048472
3 0.090078 0.450069 0.05125 0.058472
