0 0.695 0.444653 0.021094 0.030694
0 0.477031 0.437847 0.014375 0.020417
0 0.496641 0.446319 0.017188 0.02375
0 0.510078 0.450625 0.022969 0.032361
0 0.450195 0.453125 0.025859 0.047639
0 0.406602 0.454861 0.024922 0.047778
0 0.426211 0.473611 0.058516 0.091944
3 0.293516 0.436111 0.022969 0.0375
0 0.319375 0.442917 0.026875 0.034167
0 0.327539 0.497431 0.091016 0.122639
0 0.170352 0.430139 0.046953 0.0425
0 0.133008 0.438681 0.069922 0.059583
0 0.093711 0.431806 0.054609 0.063056
0 0.051523 0.44125 0.083359 0.064722
0 0.104102 0.706111 0.208203 0.54
10 0.613555 0.497431 0.028672 0.122639
13 0.556055 0.467639 0.011484 0.076667
13 0.500938 0.454861 0.006719 0.040833
13 0.526367 0.450556 0.009609 0.052778
0 0.200078 0.475278 0.071875 0.105556
