5 0.233633 0.450625 0.010547 0.073194
5 0.118125 0.489792 0.019219 0.100417
10 0.9275 0.696736 0.145 0.555417
13 0.806172 0.553681 0.051719 0.313472
10 0.606367 0.452292 0.012422 0.05625
3 0.024102 0.447153 0.048203 0.120972
3 0.220664 0.452292 0.067109 0.086806
1 0.245117 0.425903 0.046953 0.088472
0 0.422852 0.451458 0.026797 0.044306
0 0.516289 0.450556 0.027734 0.052778
0 0.533047 0.453958 0.034531 0.059583
0 0.575703 0.471042 0.060313 0.097083
0 0.614023 0.440347 0.018203 0.035694
0 0.649453 0.450625 0.043125 0.05625
0 0.697891 0.460833 0.049844 0.059722
0 0.77168 0.469375 0.161016 0.124306
0 0.939023 0.532361 0.121953 0.216389
0 0.340938 0.595417 0.236719 0.328889
0 0.46457 0.487292 0.075703 0.109028
