0 0.779922 0.503264 0.1275 0.13125
0 0.688164 0.479375 0.098516 0.109861
0 0.310586 0.592431 0.213828 0.31625
0 0.413242 0.483125 0.063047 0.09625
0 0.508242 0.469236 0.051484 0.081528
10 0.545391 0.459097 0.01 0.057083
0 0.471367 0.457847 0.032578 0.057639
1 0.016172 0.428472 0.032344 0.138056
0 0.032148 0.456597 0.064297 0.064861
10 0.632344 0.459931 0.008906 0.049861
5 0.620898 0.462083 0.009297 0.049167
5 0.600391 0.463333 0.009219 0.057778
5 0.585117 0.461458 0.009609 0.059028
0 0.441055 0.451111 0.029453 0.048056
0 0.246289 0.450833 0.045859 0.063333
14 0.114805 0.473611 0.046016 0.087222
