10 0.539297 0.442014 0.008594 0.032361
10 0.559883 0.448889 0.011484 0.049444
10 0.747227 0.637083 0.098672 0.4225
13 0.636094 0.521319 0.043125 0.224861
13 0.701719 0.509375 0.026875 0.163472
13 0.738125 0.501736 0.034531 0.148194
13 0.87418 0.485486 0.055547 0.262361
3 0.244609 0.442083 0.049844 0.066389
3 0.113359 0.436111 0.078594 0.078333
5 0.035742 0.435278 0.017266 0.076667
0 0.582422 0.444653 0.029687 0.044306
0 0.616445 0.452292 0.032578 0.052917
0 0.667695 0.455694 0.119766 0.086944
0 0.708398 0.471875 0.061328 0.09875
0 0.474609 0.448889 0.030625 0.049444
0 0.504766 0.471875 0.064219 0.105694
0 0.395078 0.488056 0.084375 0.114167
0 0.16832 0.658472 0.336641 0.451389
