0 0.026211 0.791319 0.052422 0.387639
0 0.014336 0.477986 0.028672 0.085972
14 0.063906 0.490139 0.052812 0.14
3 0.135117 0.463611 0.076797 0.075556
0 0.347617 0.4875 0.071797 0.095278
0 0.411836 0.46625 0.040234 0.062222
0 0.462109 0.477569 0.054844 0.089861
0 0.483047 0.464375 0.038125 0.058472
10 0.55625 0.478194 0.021562 0.083611
0 0.645547 0.478333 0.054531 0.045556
0 0.777891 0.489583 0.120313 0.089167
0 0.604922 0.482014 0.034531 0.067361
5 0.587734 0.478611 0.014063 0.067778
5 0.230898 0.461111 0.015547 0.063056
