10 0.229453 0.465694 0.01625 0.0625
10 0.259063 0.467222 0.018906 0.074722
10 0.512422 0.450417 0.011094 0.047222
10 0.540742 0.477917 0.023203 0.102222
10 0.671914 0.625764 0.136328 0.464861
3 0.062656 0.484028 0.125312 0.181389
14 0.214492 0.462639 0.041172 0.068611
0 0.092656 0.707292 0.185312 0.545694
0 0.465273 0.470278 0.055703 0.080833
0 0.406094 0.538889 0.165469 0.275833
0 0.638906 0.464167 0.061719 0.059444
0 0.675781 0.522847 0.284688 0.204306
0 0.854141 0.526667 0.140625 0.150833
0 0.870859 0.470278 0.059219 0.096111
0 0.934727 0.505347 0.111484 0.132639
5 0.556172 0.457292 0.007656 0.054861
5 0.563008 0.464167 0.007734 0.056389
5 0.569023 0.464931 0.007734 0.060972
5 0.593008 0.457292 0.007734 0.054861
