10 0.218008 0.471667 0.018203 0.070278
10 0.195586 0.479722 0.026641 0.1
10 0.52168 0.455417 0.014453 0.051389
5 0.571094 0.472986 0.015938 0.067639
5 0.668008 0.476319 0.019766 0.06625
10 0.593516 0.624306 0.130781 0.443333
14 0.220273 0.464167 0.044141 0.071667
2 0.351758 0.448611 0.063828 0.118889
0 0.108242 0.706806 0.216484 0.548611
0 0.463906 0.449306 0.028125 0.028333
0 0.484805 0.473681 0.048672 0.06625
0 0.402695 0.534514 0.150547 0.244583
0 0.636094 0.456111 0.050156 0.041944
0 0.669492 0.468264 0.076016 0.06625
0 0.926055 0.483125 0.050859 0.10125
0 0.967031 0.527014 0.065938 0.14875
0 0.917578 0.543264 0.157187 0.172917
0 0.761094 0.545278 0.292656 0.25
