10 0.770664 0.692778 0.134609 0.5275
0 0.949531 0.508819 0.100938 0.15125
0 0.882891 0.479722 0.1525 0.103333
5 0.651719 0.50625 0.023438 0.156389
5 0.628047 0.478403 0.012188 0.100694
0 0.475625 0.488125 0.069687 0.112083
0 0.334219 0.530833 0.1225 0.171389
0 0.398359 0.463819 0.032344 0.044306
0 0.212266 0.475 0.038281 0.05
4 0.232344 0.443472 0.072656 0.068056
0 0.052852 0.491875 0.064766 0.058194
5 0.840625 0.488681 0.024219 0.129306
5 0.78793 0.507639 0.030703 0.153056
5 0.682813 0.48375 0.019219 0.084444
10 0.131484 0.501389 0.029219 0.091389
0 0.102031 0.482361 0.048906 0.043611
