10 0.69668 0.485764 0.052578 0.147917
10 0.553594 0.515417 0.035313 0.171667
13 0.456719 0.456806 0.010625 0.045
5 0.782891 0.492847 0.04125 0.192917
13 0.576562 0.472222 0.018594 0.09
5 0.748633 0.492292 0.029922 0.170417
10 0.500312 0.457986 0.01 0.047361
0 0.230391 0.473958 0.055937 0.060417
0 0.266016 0.471597 0.033906 0.057917
0 0.294648 0.452708 0.016641 0.024861
0 0.361875 0.434375 0.039219 0.061528
0 0.35457 0.475139 0.049922 0.069722
0 0.412148 0.489306 0.081172 0.136111
0 0.960039 0.462708 0.079922 0.15375
0 0.839844 0.439583 0.084531 0.086389
0 0.866797 0.469861 0.109219 0.1775
0 0.687695 0.448542 0.093203 0.061528
0 0.661094 0.446181 0.074531 0.070972
0 0.578867 0.454444 0.099141 0.073333
6 0.44207 0.44375 0.026641 0.063889
2 0.019023 0.399931 0.038047 0.352639
0 0.045234 0.774097 0.090469 0.407361
