10 0.698359 0.562153 0.086562 0.314861
10 0.351562 0.443194 0.02125 0.076944
10 0.063281 0.473403 0.030625 0.06625
10 0.016328 0.481042 0.032656 0.084028
8 0.988633 0.444375 0.022734 0.069861
13 0.49668 0.434931 0.009297 0.065139
5 0.515 0.431944 0.007344 0.0425
5 0.50832 0.431319 0.007266 0.029583
10 0.559258 0.438472 0.014609 0.053333
0 0.118242 0.491111 0.111172 0.130278
0 0.214414 0.449097 0.039922 0.050972
0 0.38582 0.410069 0.041953 0.079306
6 0.368867 0.421944 0.037266 0.072222
0 0.384492 0.462708 0.067266 0.094583
0 0.437422 0.484028 0.099844 0.168056
0 0.63082 0.436667 0.092578 0.054444
0 0.880117 0.4325 0.159766 0.100556
0 0.659766 0.430764 0.086562 0.080417
0 0.712695 0.449097 0.177734 0.124306
0 0.831523 0.426597 0.113203 0.107639
2 0.191484 0.444931 0.012656 0.056806
5 0.728984 0.463333 0.035937 0.169167
