3 0.991445 0.475069 0.017109 0.187639
3 0.931641 0.460069 0.136719 0.196528
15 0.872539 0.521528 0.054922 0.093611
0 0.400977 0.652431 0.359453 0.560694
0 0.04082 0.49 0.081641 0.09
0 0.82 0.465625 0.142187 0.102361
10 0.793477 0.580833 0.110703 0.352778
10 0.607812 0.493333 0.036562 0.140278
10 0.549727 0.455139 0.017422 0.054444
10 0.56293 0.454236 0.014609 0.051806
10 0.540898 0.446458 0.012266 0.04375
10 0.267891 0.479583 0.047031 0.142222
5 0.892969 0.516528 0.034844 0.209444
10 0.591758 0.448889 0.010859 0.054444
5 0.603477 0.448333 0.007891 0.051389
10 0.530742 0.44625 0.011797 0.051111
5 0.204609 0.464444 0.009844 0.0475
5 0.197109 0.461806 0.008906 0.051111
5 0.232695 0.455486 0.009297 0.045139
