15 0.872266 0.522569 0.054062 0.09625
0 0.401367 0.657222 0.356484 0.570278
0 0.053945 0.519028 0.107891 0.170833
0 0.81793 0.466597 0.140703 0.103194
3 0.931992 0.460417 0.136016 0.198611
3 0.991367 0.467292 0.017266 0.19125
6 0.301914 0.439444 0.080078 0.162778
10 0.265469 0.477569 0.046875 0.138472
10 0.585742 0.489097 0.040391 0.152639
10 0.605273 0.460347 0.013984 0.064861
5 0.169375 0.468403 0.013125 0.059861
5 0.178047 0.468542 0.01 0.052917
5 0.77793 0.466458 0.032266 0.118194
10 0.615508 0.453472 0.011641 0.0625
13 0.542383 0.452986 0.018047 0.068194
