0 0.139844 0.535069 0.250938 0.318472
0 0.296641 0.501806 0.089063 0.151111
0 0.425664 0.580903 0.235703 0.395694
0 0.818164 0.468472 0.128516 0.106111
3 0.936641 0.464028 0.126719 0.194167
10 0.558203 0.455347 0.013906 0.050139
10 0.719414 0.540694 0.075547 0.266389
3 0.992812 0.468611 0.014375 0.183333
2 0.275781 0.443125 0.1325 0.127361
5 0.59332 0.457014 0.011016 0.058194
5 0.602383 0.458819 0.007734 0.054028
5 0.610273 0.453542 0.010703 0.059306
10 0.624453 0.454861 0.011875 0.058056
5 0.751875 0.492917 0.020625 0.146111
5 0.874141 0.517153 0.025156 0.17625
