0 0.311914 0.496806 0.121797 0.176389
0 0.489297 0.478125 0.064375 0.10625
0 0.404609 0.476181 0.051719 0.077361
0 0.435391 0.460764 0.03125 0.04625
0 0.458164 0.448542 0.013828 0.024028
0 0.108945 0.501597 0.092109 0.107083
0 0.016445 0.502917 0.032891 0.156667
0 0.094219 0.485972 0.080938 0.1
3 0.81125 0.480764 0.068125 0.070417
0 0.703633 0.473889 0.041328 0.052222
10 0.577148 0.469236 0.018984 0.064306
5 0.562656 0.444444 0.005938 0.032778
5 0.150859 0.467153 0.010625 0.054861
13 0.528008 0.456528 0.010391 0.043611
