0 0.21457 0.487917 0.085078 0.099444
0 0.326641 0.497153 0.125156 0.188194
0 0.431094 0.454236 0.032187 0.052639
0 0.448633 0.452153 0.024453 0.040139
0 0.462617 0.445694 0.013672 0.023333
0 0.47375 0.440972 0.01125 0.016389
0 0.494648 0.455347 0.030078 0.044306
10 0.512109 0.450903 0.006875 0.032639
14 0.533281 0.4525 0.021875 0.063611
10 0.558516 0.489722 0.037031 0.136944
0 0.591758 0.441944 0.035234 0.04
3 0.613789 0.456528 0.046641 0.093611
0 0.661133 0.476042 0.071797 0.089028
8 0.749023 0.468819 0.036953 0.055694
5 0.770977 0.475764 0.024453 0.122083
5 0.804023 0.480208 0.024766 0.113194
5 0.889805 0.475694 0.025703 0.186667
5 0.958711 0.464861 0.036328 0.182778
8 0.916719 0.4825 0.067031 0.093056
8 0.89668 0.555417 0.127266 0.161111
8 0.968555 0.627569 0.062891 0.207361
