0 0.327148 0.488819 0.119297 0.180139
0 0.427695 0.449931 0.031797 0.051528
0 0.444844 0.447639 0.020625 0.038056
0 0.457227 0.440694 0.011484 0.020833
0 0.468711 0.436319 0.010547 0.015972
0 0.489453 0.451667 0.030156 0.044722
10 0.513984 0.448681 0.007031 0.035972
14 0.530234 0.448056 0.025469 0.072222
10 0.56168 0.489375 0.040234 0.148472
0 0.602617 0.441042 0.044297 0.038472
3 0.641953 0.458403 0.061875 0.117361
0 0.716055 0.486528 0.102422 0.121667
8 0.819883 0.476042 0.051328 0.067917
8 0.861328 0.468403 0.049219 0.060417
5 0.921328 0.492431 0.043906 0.19375
5 0.961563 0.486181 0.036562 0.171806
