10 0.195 0.484861 0.01375 0.074722
5 0.222227 0.466042 0.008516 0.047917
0 0.332422 0.494514 0.112031 0.171528
0 0.42832 0.456181 0.028984 0.045694
0 0.441367 0.454236 0.019609 0.03625
0 0.45375 0.449514 0.012656 0.017917
0 0.483242 0.460347 0.030703 0.045139
0 0.496836 0.443403 0.008516 0.015972
14 0.524844 0.460069 0.029531 0.082361
0 0.510781 0.448611 0.018281 0.034722
0 0.541328 0.45625 0.022344 0.040833
10 0.571406 0.513264 0.048594 0.177083
0 0.634297 0.451111 0.06375 0.047222
5 0.664805 0.462917 0.018203 0.068333
8 0.721719 0.495903 0.063437 0.095694
8 0.696016 0.482917 0.03 0.06
3 0.821875 0.500556 0.177188 0.2625
