8 0.862422 0.532778 0.097969 0.135278
8 0.848984 0.544028 0.088125 0.078889
8 0.817461 0.507708 0.050547 0.072361
8 0.791367 0.504306 0.059297 0.079167
5 0.727148 0.471042 0.022578 0.084306
0 0.671914 0.457431 0.071328 0.060139
0 0.554648 0.461875 0.026016 0.040972
0 0.519258 0.451111 0.018359 0.033056
14 0.53582 0.464097 0.031484 0.088472
10 0.586016 0.533542 0.044375 0.192639
0 0.49125 0.461389 0.031406 0.045
0 0.446328 0.453264 0.022187 0.035694
0 0.436055 0.456944 0.026016 0.043333
0 0.34125 0.496875 0.10625 0.164861
10 0.046641 0.505625 0.037187 0.106528
0 0.664375 0.451806 0.064062 0.055556
