8 0.832852 0.516181 0.064766 0.169028
8 0.929453 0.469444 0.049531 0.1475
10 0.193477 0.492986 0.093047 0.149306
10 0.483203 0.429861 0.009844 0.036667
10 0.475352 0.428264 0.007109 0.029028
0 0.429102 0.441875 0.038672 0.055139
0 0.451562 0.428264 0.019688 0.035417
0 0.60043 0.515069 0.175703 0.312361
0 0.200898 0.462708 0.107578 0.139028
0 0.657266 0.467222 0.106562 0.155278
3 0.499414 0.424097 0.017734 0.035972
6 0.518008 0.421667 0.019609 0.061944
0 0.466992 0.424097 0.011172 0.020139
0 0.362227 0.42375 0.023828 0.025278
0 0.311172 0.429792 0.047344 0.040139
