8 0.733164 0.497292 0.038047 0.107917
8 0.816406 0.453958 0.030937 0.097361
10 0.345156 0.469306 0.073125 0.115278
3 0.537813 0.506389 0.157344 0.273889
0 0.691914 0.457153 0.103047 0.121528
0 0.257734 0.453403 0.072656 0.109306
0 0.427461 0.443889 0.039141 0.056111
0 0.450078 0.429861 0.020313 0.036944
0 0.328633 0.438056 0.040703 0.053333
0 0.466602 0.424583 0.013828 0.021667
0 0.385195 0.425486 0.020859 0.027639
0 0.359883 0.425903 0.019609 0.030139
8 0.918125 0.591111 0.16375 0.201667
8 0.951992 0.479097 0.073984 0.117639
