10 0.974648 0.515972 0.050703 0.2225
10 0.52793 0.428958 0.006641 0.029583
13 0.538633 0.427222 0.009297 0.021389
10 0.505 0.424306 0.01 0.031944
10 0.405469 0.430139 0.010625 0.027222
10 0.418789 0.424306 0.009297 0.027222
10 0.33293 0.442639 0.017266 0.045
0 0.326914 0.430208 0.053203 0.04375
21 0.362852 0.436111 0.023984 0.043889
0 0.564219 0.430764 0.03125 0.044861
0 0.470039 0.485208 0.079922 0.130139
0 0.6175 0.481111 0.101875 0.155
0 0.700039 0.519514 0.152422 0.203472
0 0.8225 0.588125 0.314844 0.357361
