10 0.174297 0.476875 0.022812 0.079861
10 0.220039 0.477222 0.021797 0.096944
5 0.242852 0.465764 0.011953 0.070417
10 0.291602 0.476042 0.021484 0.078194
10 0.318047 0.458125 0.014844 0.059861
0 0.296563 0.437847 0.067187 0.045694
21 0.342227 0.442778 0.022422 0.041667
0 0.587109 0.442569 0.035469 0.060972
10 0.595898 0.452639 0.010703 0.044444
0 0.653945 0.428889 0.052891 0.041944
8 0.667266 0.449028 0.017656 0.049444
14 0.71418 0.463333 0.034609 0.077222
10 0.785352 0.491806 0.038516 0.136389
0 0.883672 0.675 0.232656 0.625556
0 0.451016 0.656944 0.300469 0.482778
