0 0.573594 0.425625 0.030625 0.028472
0 0.587734 0.439792 0.035312 0.052639
10 0.598281 0.452986 0.015 0.040417
0 0.652422 0.43375 0.045312 0.051389
8 0.668203 0.450625 0.015625 0.044583
14 0.713281 0.460347 0.036406 0.075139
8 0.76332 0.438958 0.037891 0.045972
10 0.346836 0.450417 0.012109 0.055556
0 0.295469 0.438889 0.065469 0.046111
10 0.247305 0.476944 0.029141 0.084444
5 0.214609 0.452986 0.012188 0.070139
5 0.228828 0.460556 0.01125 0.051667
10 0.175781 0.480486 0.021406 0.082917
0 0.446914 0.662778 0.301797 0.479167
0 0.88207 0.680139 0.235859 0.639722
