10 0.216172 0.479444 0.017188 0.074722
10 0.05582 0.51375 0.048047 0.131111
10 0.075586 0.504583 0.030859 0.112778
10 0.358086 0.448125 0.011172 0.04875
10 0.375234 0.448194 0.007656 0.036667
10 0.58875 0.457292 0.021406 0.060972
8 0.309219 0.458056 0.01625 0.031944
8 0.668047 0.455 0.018906 0.047222
5 0.269766 0.458056 0.017969 0.071667
5 0.741367 0.417708 0.012891 0.057917
0 0.294219 0.448125 0.065156 0.054861
21 0.340938 0.446667 0.019687 0.039722
0 0.382969 0.4375 0.01625 0.024444
0 0.657344 0.435208 0.0575 0.053472
3 0.540312 0.427569 0.015469 0.025972
0 0.460547 0.598333 0.219531 0.349167
0 0.849453 0.605208 0.301094 0.445139
5 0.209297 0.452708 0.008594 0.060972
