10 0.241484 0.484028 0.019687 0.071667
10 0.283047 0.474861 0.017188 0.059444
10 0.536445 0.458056 0.014609 0.050278
10 0.746914 0.496181 0.036016 0.129583
10 0.908555 0.525139 0.072891 0.205833
8 0.788516 0.452708 0.042031 0.057917
14 0.953164 0.449653 0.064297 0.073194
8 0.891016 0.449653 0.058281 0.070139
0 0.58875 0.46875 0.021406 0.044167
5 0.157891 0.467986 0.010312 0.070139
5 0.23418 0.467222 0.011953 0.068611
0 0.313086 0.465694 0.027422 0.035
0 0.258633 0.455764 0.067734 0.060972
0 0.359805 0.45125 0.019766 0.024444
0 0.586602 0.455 0.048047 0.0625
0 0.457148 0.535069 0.120078 0.189028
0 0.652187 0.525903 0.155156 0.213472
0 0.978945 0.842222 0.042109 0.266667
