10 0.731953 0.492361 0.0575 0.1525
10 0.973789 0.489306 0.052422 0.216389
10 0.251328 0.474861 0.029219 0.080833
5 0.007344 0.514514 0.014688 0.117361
8 0.848125 0.484792 0.0875 0.091528
8 0.889727 0.485486 0.081484 0.105139
8 0.949297 0.490069 0.084063 0.117361
0 0.111133 0.473333 0.115703 0.093056
0 0.20375 0.471806 0.047188 0.074722
0 0.310937 0.459583 0.033437 0.050278
0 0.358945 0.458056 0.041953 0.068611
0 0.505586 0.475625 0.062578 0.106806
0 0.437422 0.496181 0.080625 0.132639
0 0.653477 0.463403 0.089141 0.100694
0 0.809961 0.453542 0.139766 0.105139
0 0.640195 0.59375 0.280391 0.343056
