10 0.067852 0.507708 0.041953 0.106806
3 0.289961 0.452431 0.044766 0.039306
0 0.243242 0.471111 0.075547 0.108333
3 0.157461 0.473264 0.067266 0.080972
0 0.096055 0.492569 0.089922 0.080972
0 0.476094 0.452153 0.029375 0.047917
5 0.517109 0.448403 0.008125 0.042083
10 0.527969 0.457292 0.0075 0.048472
0 0.547305 0.450903 0.027734 0.049306
14 0.616172 0.447986 0.070781 0.064583
10 0.581172 0.469653 0.02 0.090139
0 0.654414 0.45125 0.080547 0.0775
10 0.672656 0.518264 0.056563 0.187083
0 0.766445 0.471042 0.126484 0.102361
5 0.759023 0.476319 0.038359 0.104583
8 0.761289 0.537361 0.054609 0.124722
5 0.816328 0.507778 0.037031 0.169722
8 0.885898 0.514514 0.051797 0.115694
8 0.903438 0.475139 0.021875 0.066389
8 0.958477 0.485278 0.060234 0.097778
0 0.414336 0.571458 0.198203 0.280972
