3 0.040078 0.4725 0.080156 0.093333
0 0.123516 0.464097 0.04375 0.052639
0 0.159531 0.4725 0.061875 0.069444
0 0.253437 0.464722 0.050469 0.077778
0 0.29043 0.469514 0.041016 0.05375
0 0.314961 0.471875 0.031016 0.05625
0 0.329102 0.470694 0.025547 0.049167
0 0.367461 0.474861 0.032266 0.055
2 0.370156 0.448611 0.041719 0.105278
2 0.468047 0.461111 0.191719 0.422222
0 0.57707 0.482708 0.038359 0.060972
0 0.592852 0.474306 0.031016 0.051389
3 0.223477 0.460556 0.032266 0.050278
2 0.259453 0.443194 0.050469 0.077778
