5 0.897656 0.49875 0.039062 0.203333
5 0.855273 0.494028 0.029609 0.179444
5 0.690742 0.462917 0.023516 0.107778
14 0.723711 0.463542 0.076016 0.118472
2 0.528242 0.422847 0.115703 0.225972
3 0.027969 0.5 0.055937 0.114722
0 0.069023 0.494028 0.059922 0.081389
0 0.127227 0.493958 0.099609 0.095694
3 0.169297 0.476042 0.059844 0.08375
4 0.230508 0.454514 0.071953 0.095694
13 0.26918 0.467153 0.012109 0.060972
7 0.286367 0.462292 0.031641 0.044306
10 0.298828 0.464722 0.016094 0.056111
10 0.323633 0.464236 0.015234 0.05625
1 0.298008 0.445 0.024453 0.055833
0 0.311406 0.456042 0.014375 0.030694
3 0.337734 0.453472 0.029062 0.038889
0 0.363242 0.458611 0.032891 0.043889
10 0.389727 0.45125 0.018984 0.029167
0 0.420547 0.456319 0.024219 0.040417
9 0.443867 0.429167 0.013828 0.031111
0 0.464336 0.433333 0.011484 0.029167
