10 0.219648 0.482153 0.017422 0.060139
5 0.229453 0.475208 0.009687 0.045972
5 0.242617 0.472222 0.009141 0.047222
5 0.283242 0.462708 0.008984 0.04875
13 0.374219 0.459583 0.004219 0.021667
10 0.384414 0.457986 0.006172 0.023194
9 0.404531 0.439583 0.029219 0.058333
3 0.432305 0.447222 0.021328 0.016111
9 0.454141 0.438333 0.01625 0.040833
4 0.486133 0.440625 0.030391 0.079306
0 0.507695 0.449861 0.011953 0.022778
13 0.519766 0.451319 0.004219 0.015972
10 0.530234 0.456181 0.005781 0.022917
10 0.56918 0.463958 0.007109 0.02625
10 0.615703 0.474792 0.017031 0.069306
0 0.708086 0.481111 0.060234 0.064722
