8 0.975508 0.456806 0.048984 0.061111
3 0.880703 0.444167 0.061562 0.063333
0 0.834258 0.456597 0.064453 0.07125
0 0.795391 0.454444 0.04375 0.064722
0 0.730664 0.446875 0.023672 0.043194
10 0.700625 0.464722 0.034063 0.115556
10 0.665664 0.472778 0.024922 0.103611
4 0.604297 0.420417 0.096562 0.23
10 0.524141 0.439306 0.005469 0.019444
9 0.395039 0.415556 0.061953 0.136111
4 0.360703 0.444167 0.0225 0.057222
10 0.305703 0.458194 0.012188 0.048611
13 0.282656 0.460347 0.010937 0.039861
10 0.21457 0.472847 0.014609 0.062639
10 0.141953 0.480903 0.02125 0.072361
0 0.450898 0.566181 0.194453 0.284028
