0 0.981992 0.479792 0.036016 0.097917
0 0.943242 0.474653 0.076484 0.080694
10 0.841836 0.55875 0.090078 0.255833
0 0.7725 0.476389 0.065469 0.054167
5 0.748203 0.482708 0.010312 0.057639
13 0.730078 0.4925 0.022031 0.1025
10 0.626055 0.480417 0.022734 0.092222
3 0.599141 0.466042 0.045312 0.072639
10 0.588125 0.476944 0.016875 0.069167
4 0.538867 0.444722 0.063516 0.163611
0 0.451719 0.535694 0.12375 0.181944
0 0.378477 0.448125 0.027891 0.050694
9 0.30332 0.421667 0.145859 0.265
3 0.208711 0.478681 0.078359 0.120972
10 0.154922 0.498889 0.020156 0.069167
10 0.081367 0.512708 0.032422 0.096806
10 0.037305 0.511528 0.023359 0.0875
5 0.019141 0.516736 0.018125 0.084028
4 0.041016 0.475278 0.082031 0.139444
