0 0.126445 0.479931 0.079609 0.050139
0 0.183203 0.468264 0.073594 0.037361
0 0.234648 0.459236 0.052578 0.030139
10 0.246133 0.467986 0.013828 0.05375
10 0.311133 0.456181 0.009453 0.037361
0 0.38082 0.450347 0.015859 0.020694
10 0.388906 0.451458 0.005 0.023472
2 0.418711 0.436875 0.019766 0.047639
0 0.496914 0.499653 0.092734 0.135417
10 0.61793 0.463958 0.017578 0.07625
10 0.628047 0.454514 0.015625 0.054306
10 0.676133 0.480139 0.025859 0.102222
10 0.703047 0.468681 0.021875 0.078472
10 0.854023 0.517917 0.056953 0.185
