0 0.053516 0.533681 0.107031 0.195417
14 0.263945 0.467847 0.026016 0.065972
1 0.390469 0.453056 0.040469 0.053333
0 0.497695 0.460208 0.028672 0.045972
0 0.463555 0.433472 0.015391 0.034722
3 0.438945 0.439375 0.019609 0.017361
10 0.562031 0.469306 0.015625 0.063333
10 0.576055 0.464028 0.011797 0.0575
12 0.347344 0.445278 0.043906 0.060833
8 0.531719 0.453542 0.010625 0.039306
10 0.541094 0.452778 0.005781 0.045
10 0.60875 0.447083 0.036875 0.046111
9 0.668398 0.440764 0.088672 0.175972
0 0.515898 0.445972 0.015547 0.022778
10 0.61125 0.442569 0.020781 0.038194
