9 0.06582 0.429236 0.131641 0.12375
9 0.159687 0.429861 0.098125 0.096111
9 0.275781 0.437014 0.045312 0.066806
13 0.244492 0.459514 0.007422 0.027639
10 0.170508 0.473264 0.016797 0.059861
9 0.324258 0.436319 0.047578 0.05375
0 0.358945 0.513125 0.148828 0.211528
9 0.385195 0.399514 0.078984 0.227083
0 0.455352 0.45 0.019141 0.026944
10 0.475117 0.444722 0.007109 0.025278
10 0.49957 0.455556 0.009297 0.040833
10 0.513828 0.451319 0.009063 0.033194
0 0.43668 0.43875 0.007266 0.010278
9 0.441172 0.432292 0.0075 0.019028
9 0.515195 0.43 0.018984 0.045556
9 0.625 0.418542 0.092969 0.128472
9 0.85832 0.389028 0.283359 0.354444
