10 0.202266 0.465625 0.015312 0.052917
13 0.283398 0.455 0.009297 0.037778
0 0.346328 0.447847 0.03125 0.036528
9 0.436719 0.410208 0.047188 0.131806
7 0.475508 0.440694 0.013672 0.028611
4 0.46543 0.429306 0.014141 0.032222
9 0.482773 0.434236 0.010859 0.025417
6 0.502227 0.439375 0.009922 0.024583
10 0.51043 0.444514 0.004922 0.021806
10 0.523281 0.449861 0.004844 0.019722
10 0.542305 0.457014 0.013516 0.052917
10 0.558437 0.456111 0.013594 0.045833
10 0.572734 0.468333 0.017812 0.072222
13 0.934805 0.489583 0.025391 0.094722
