5 0.73668 0.473403 0.022578 0.105972
0 0.587187 0.482083 0.062969 0.098611
0 0.44875 0.496736 0.077344 0.124028
0 0.476562 0.459306 0.037969 0.068333
3 0.381211 0.455278 0.036016 0.0725
0 0.417852 0.455903 0.031953 0.054583
0 0.08207 0.660486 0.164141 0.582917
4 0.059023 0.456736 0.118047 0.735139
10 0.501641 0.441736 0.006719 0.030417
10 0.513828 0.445208 0.007969 0.035139
10 0.52043 0.443264 0.006328 0.027639
10 0.257812 0.459375 0.00875 0.03625
0 0.239297 0.454236 0.024063 0.019861
4 0.286055 0.442847 0.014609 0.03125
