4 0.210195 0.430625 0.018828 0.044306
0 0.189141 0.443611 0.024844 0.039722
9 0.125703 0.431458 0.040312 0.057917
0 0.105586 0.462639 0.037734 0.047222
0 0.314375 0.458056 0.036875 0.053333
0 0.328516 0.469514 0.053125 0.082361
0 0.412969 0.451181 0.031719 0.042639
0 0.440859 0.484028 0.065156 0.09
0 0.386406 0.455 0.036875 0.065556
0 0.549727 0.547986 0.169766 0.242361
10 0.789375 0.48625 0.035156 0.131111
10 0.647461 0.471042 0.023984 0.079306
10 0.160039 0.4375 0.004297 0.024444
0 0.286914 0.447431 0.019766 0.035139
0 0.361523 0.454236 0.026641 0.042639
