10 0.962148 0.563472 0.075703 0.274167
1 0.880508 0.431042 0.058047 0.042917
3 0.812813 0.431944 0.044844 0.036944
0 0.816406 0.432917 0.024063 0.036389
12 0.746328 0.422431 0.056094 0.093472
12 0.685352 0.424097 0.065859 0.092083
0 0.570508 0.436597 0.020234 0.022083
10 0.567656 0.4575 0.012188 0.055
10 0.555898 0.454236 0.013359 0.045972
0 0.481133 0.47375 0.058516 0.087222
0 0.290391 0.463958 0.062656 0.054306
9 0.101367 0.429653 0.202734 0.17625
4 0.007656 0.400625 0.015313 0.128472
0 0.531172 0.439653 0.025156 0.019861
