4 0.301211 0.449861 0.046953 0.066667
3 0.665352 0.447222 0.059609 0.055278
12 0.949648 0.424097 0.100703 0.134583
4 0.880937 0.429514 0.132969 0.108194
0 0.214023 0.478681 0.071328 0.087917
0 0.159453 0.477431 0.052969 0.072361
0 0.471914 0.469861 0.049141 0.068889
0 0.408125 0.451528 0.018281 0.033333
0 0.335234 0.454583 0.020469 0.0325
0 0.578203 0.452917 0.065937 0.051944
0 0.499141 0.447222 0.018906 0.030833
0 0.5175 0.441944 0.011094 0.017778
0 0.385508 0.451736 0.018203 0.027917
0 0.844961 0.451806 0.058672 0.0525
0 0.196211 0.467431 0.040703 0.060417
10 0.630938 0.479375 0.02875 0.103472
10 0.583281 0.469028 0.01875 0.070833
10 0.571875 0.461319 0.012969 0.059861
10 0.414687 0.455833 0.008281 0.037222
