0 0.144805 0.651736 0.289609 0.437083
0 0.132344 0.433194 0.067656 0.041944
0 0.160234 0.427431 0.039688 0.038194
0 0.199414 0.435139 0.062266 0.045833
0 0.227305 0.433194 0.045078 0.038056
0 0.314805 0.462778 0.046172 0.074444
0 0.365313 0.497153 0.09125 0.127917
0 0.45332 0.473264 0.061172 0.095417
0 0.42918 0.454236 0.027891 0.049583
0 0.473711 0.453264 0.028984 0.047639
10 0.497305 0.452292 0.009609 0.034306
13 0.504297 0.455139 0.008594 0.043889
13 0.516094 0.455139 0.008594 0.04
13 0.532734 0.452292 0.009687 0.042083
5 0.541875 0.452292 0.010781 0.045694
13 0.580508 0.467569 0.015078 0.06875
10 0.607891 0.492431 0.026875 0.110694
0 0.696445 0.445556 0.021484 0.028611
