10 0.546445 0.454028 0.011484 0.049444
10 0.700273 0.621806 0.091016 0.374722
13 0.762578 0.479583 0.043125 0.202778
13 0.6725 0.496597 0.029687 0.124306
13 0.628398 0.519583 0.033516 0.204444
3 0.150703 0.44125 0.065156 0.064722
3 0.254219 0.445486 0.044063 0.052917
0 0.564688 0.450625 0.026875 0.042639
0 0.593438 0.460833 0.034531 0.052778
0 0.628398 0.457361 0.096797 0.076667
0 0.667188 0.476181 0.0575 0.086806
0 0.505742 0.457431 0.029766 0.049306
0 0.459219 0.452639 0.028906 0.05
0 0.485117 0.482917 0.068984 0.114167
0 0.396992 0.453194 0.026797 0.0375
0 0.368711 0.501736 0.089141 0.120972
0 0.226914 0.480347 0.089141 0.109028
0 0.137148 0.70875 0.274297 0.538333
