10 0.056641 0.510625 0.050625 0.174028
10 0.214453 0.468611 0.027969 0.085278
10 0.373516 0.44375 0.010625 0.035556
10 0.39582 0.431944 0.007266 0.026111
8 0.981992 0.440208 0.036016 0.061528
8 0.659766 0.446111 0.015938 0.045
8 0.591211 0.44375 0.026641 0.040278
8 0.325586 0.447361 0.013359 0.033056
5 0.096602 0.486389 0.016016 0.101667
5 0.234375 0.455069 0.015937 0.084028
0 0.311641 0.434375 0.063906 0.052083
0 0.356563 0.440764 0.020625 0.029583
3 0.544961 0.415972 0.013984 0.024722
0 0.587187 0.432014 0.033281 0.056806
0 0.656406 0.426042 0.055938 0.052083
0 0.466719 0.564444 0.18375 0.295833
0 0.830508 0.575139 0.302891 0.388056
