2 0.606133 0.491736 0.636172 0.983472
0 0.966172 0.425972 0.067656 0.067222
0 0.192266 0.466111 0.018281 0.029167
0 0.121602 0.461667 0.012891 0.017778
0 0.086953 0.465069 0.014531 0.019028
0 0.06582 0.462569 0.011484 0.018194
2 0.025859 0.452847 0.021719 0.038194
0 0.082148 0.454792 0.011328 0.023472
2 0.078125 0.448472 0.019063 0.018056
2 0.132344 0.445972 0.014688 0.031111
10 0.136094 0.460278 0.004063 0.015833
0 0.147187 0.455625 0.009219 0.012917
5 0.177109 0.461389 0.004219 0.018611
5 0.253711 0.465347 0.005547 0.024583
