0 0.836445 0.699792 0.327109 0.600417
2 0.589258 0.414722 0.038828 0.073889
0 0.398047 0.428472 0.020156 0.03
0 0.44918 0.428611 0.024922 0.030278
0 0.452852 0.439722 0.026797 0.037778
0 0.426094 0.452431 0.036875 0.053194
0 0.484883 0.506111 0.095391 0.150833
0 0.323828 0.436458 0.019375 0.027917
3 0.309727 0.431111 0.011484 0.017222
0 0.300039 0.441736 0.021641 0.025417
0 0.273359 0.438889 0.028125 0.031111
0 0.254648 0.450347 0.034141 0.035972
0 0.275898 0.456528 0.041484 0.053333
0 0.225625 0.460208 0.047031 0.060694
0 0.200508 0.462222 0.063203 0.079444
2 0.26918 0.434792 0.043828 0.062361
2 0.097852 0.417222 0.195703 0.274444
0 0.090469 0.553194 0.180938 0.315556
0 0.378477 0.553611 0.172422 0.263611
