0 0.988516 0.456319 0.022969 0.106528
0 0.950859 0.459306 0.098281 0.086111
0 0.943789 0.450417 0.112422 0.070556
0 0.926289 0.441389 0.147422 0.066944
5 0.949141 0.488056 0.02625 0.136389
5 0.837109 0.450347 0.010781 0.060972
0 0.882852 0.435972 0.135859 0.034722
0 0.829023 0.447361 0.110391 0.074167
5 0.811523 0.460556 0.021484 0.1125
5 0.787305 0.464097 0.021484 0.110139
10 0.769453 0.462917 0.019531 0.11
5 0.758047 0.473681 0.024844 0.090972
0 0.846875 0.512569 0.210625 0.16875
0 0.689102 0.504167 0.102266 0.120833
13 0.620781 0.489861 0.024844 0.113611
0 0.434414 0.479653 0.055859 0.08375
0 0.446875 0.460486 0.035 0.045417
0 0.361406 0.460556 0.032344 0.043056
0 0.326758 0.458681 0.030234 0.049028
0 0.282344 0.453958 0.023594 0.029861
0 0.274609 0.461111 0.030938 0.032222
0 0.239297 0.456944 0.019531 0.023889
0 0.032734 0.464722 0.019531 0.022778
0 0.006445 0.470139 0.012891 0.031111
