0 0.011602 0.636181 0.023203 0.202917
0 0.028437 0.497361 0.056875 0.1125
5 0.076211 0.472292 0.007891 0.054028
5 0.096289 0.464097 0.006953 0.044306
5 0.104805 0.468056 0.010078 0.05
0 0.187969 0.463611 0.0525 0.048889
0 0.330547 0.460139 0.042969 0.044444
0 0.388398 0.495625 0.110078 0.130972
0 0.419375 0.458819 0.072031 0.082083
0 0.519609 0.474444 0.064531 0.096667
0 0.474844 0.443056 0.025625 0.030278
0 0.633711 0.547847 0.196016 0.320972
0 0.95832 0.540278 0.083359 0.270833
13 0.833359 0.459583 0.0225 0.098333
5 0.711328 0.45625 0.016719 0.0825
3 0.713359 0.441875 0.025938 0.059583
0 0.5525 0.443611 0.013906 0.020278
4 0.553438 0.434306 0.017031 0.028611
