3 0.79707 0.450417 0.076016 0.070556
14 0.757383 0.466528 0.041016 0.088611
0 0.716992 0.455139 0.047734 0.041944
3 0.641289 0.468333 0.056484 0.094444
7 0.604961 0.459306 0.040391 0.066944
0 0.569648 0.443819 0.014141 0.033472
0 0.481484 0.441944 0.022187 0.039444
0 0.464023 0.47125 0.051797 0.086111
0 0.40207 0.461111 0.038359 0.053889
0 0.403438 0.424653 0.018125 0.019028
0 0.369453 0.436597 0.021562 0.019028
2 0.284023 0.429444 0.068672 0.102778
3 0.122148 0.484444 0.244297 0.342222
9 0.09793 0.452708 0.195859 0.216528
