9 0.952187 0.420833 0.095625 0.108611
9 0.878633 0.420208 0.079609 0.152639
9 0.802891 0.420833 0.092344 0.153889
10 0.756055 0.494583 0.037734 0.133333
9 0.736641 0.429306 0.062969 0.118333
4 0.694766 0.425556 0.037188 0.105556
10 0.654258 0.472292 0.018047 0.070972
4 0.670586 0.426111 0.028516 0.077778
10 0.50332 0.446597 0.005703 0.017361
10 0.507812 0.444306 0.003125 0.011944
0 0.510859 0.442847 0.003437 0.010139
2 0.475117 0.439375 0.013984 0.031528
0 0.463008 0.438194 0.005859 0.011389
4 0.454375 0.437431 0.009687 0.018472
10 0.410117 0.453958 0.008359 0.025139
9 0.198594 0.445764 0.07375 0.067917
9 0.213008 0.444583 0.079297 0.066667
11 0.324961 0.412361 0.120078 0.194444
