0 0.034336 0.481458 0.068672 0.101806
0 0.089531 0.471319 0.083437 0.08375
0 0.144062 0.463542 0.060625 0.068194
0 0.180078 0.459375 0.057188 0.064583
4 0.260469 0.426458 0.142656 0.235694
10 0.354648 0.435347 0.008672 0.030694
3 0.356367 0.429167 0.024297 0.029167
0 0.388867 0.429931 0.019922 0.02625
0 0.425508 0.426528 0.014297 0.023889
9 0.435039 0.412639 0.010859 0.023889
2 0.453437 0.418056 0.009531 0.026944
2 0.515195 0.421875 0.100078 0.197917
5 0.614844 0.457639 0.013438 0.078611
14 0.591445 0.440764 0.039453 0.055417
5 0.576328 0.441458 0.013437 0.052361
0 0.373711 0.424931 0.015547 0.020694
14 0.338867 0.438056 0.016016 0.03
10 0.416602 0.422431 0.004609 0.014861
