10 0.13875 0.467292 0.017344 0.075417
10 0.264336 0.449236 0.011016 0.04875
10 0.343711 0.439444 0.007578 0.029167
3 0.394922 0.425486 0.029219 0.043472
9 0.411211 0.400556 0.051172 0.108611
0 0.46082 0.531458 0.164297 0.242083
10 0.518984 0.422986 0.004219 0.021528
10 0.525 0.424514 0.005625 0.022917
10 0.548008 0.43125 0.007891 0.035556
10 0.543594 0.428681 0.005469 0.032639
4 0.635078 0.405833 0.12 0.278333
13 0.694336 0.446181 0.017109 0.082361
10 0.752148 0.473542 0.039141 0.142639
10 0.755703 0.431389 0.042656 0.086111
0 0.795977 0.436389 0.054922 0.063611
3 0.839883 0.425556 0.069141 0.056111
5 0.900117 0.449792 0.017891 0.084583
8 0.926484 0.437083 0.115781 0.054722
