10 0.010586 0.498264 0.021172 0.12125
10 0.07332 0.493819 0.039453 0.114028
10 0.354375 0.442014 0.010937 0.044306
10 0.413008 0.428264 0.004922 0.018472
9 0.430469 0.414028 0.018906 0.036667
9 0.446133 0.408056 0.029453 0.068056
10 0.470156 0.436875 0.024531 0.045417
0 0.487266 0.446111 0.039219 0.057222
0 0.510156 0.423819 0.012813 0.020694
10 0.518672 0.4225 0.004375 0.019722
10 0.528086 0.422917 0.005547 0.018333
10 0.535937 0.432986 0.006406 0.025694
4 0.571914 0.414792 0.061641 0.15375
13 0.62625 0.437292 0.010313 0.047083
0 0.614648 0.426806 0.022734 0.037778
10 0.650508 0.43625 0.021172 0.036389
5 0.673242 0.432083 0.006797 0.038333
0 0.665664 0.427292 0.033047 0.033472
10 0.712852 0.457639 0.026016 0.090556
10 0.887578 0.489444 0.045781 0.171111
