3 0.01457 0.495972 0.029141 0.104444
1 0.01793 0.471319 0.035859 0.11625
1 0.026211 0.483542 0.052422 0.068194
1 0.037812 0.481042 0.059531 0.084861
1 0.058242 0.477639 0.072266 0.081944
5 0.084297 0.495069 0.019531 0.084306
3 0.104688 0.480347 0.091875 0.08625
3 0.109961 0.47125 0.102422 0.083889
3 0.134922 0.4725 0.094844 0.074444
3 0.161562 0.474028 0.080312 0.064722
3 0.169687 0.472986 0.082188 0.057917
3 0.190859 0.472917 0.061406 0.056111
3 0.19418 0.467569 0.068672 0.056528
3 0.203906 0.470625 0.059844 0.047639
3 0.214102 0.471597 0.051172 0.046806
13 0.290352 0.473611 0.009453 0.043056
0 0.475234 0.486736 0.065625 0.09875
10 0.536016 0.457708 0.005 0.024306
4 0.597578 0.429861 0.101719 0.241389
10 0.701602 0.484653 0.024297 0.102083
9 0.79293 0.42625 0.166172 0.150833
9 0.91 0.42875 0.129531 0.154722
9 0.946641 0.431389 0.106719 0.181667
4 0.970977 0.424931 0.058047 0.205417
