0 0.237266 0.476528 0.045 0.048611
4 0.242656 0.445694 0.082187 0.068333
14 0.35332 0.465347 0.018359 0.029306
10 0.3725 0.464722 0.0075 0.028611
10 0.378633 0.459444 0.006797 0.031944
0 0.474648 0.498333 0.088984 0.129167
10 0.546133 0.457222 0.006641 0.025
7 0.56875 0.447222 0.012656 0.021389
0 0.580352 0.449167 0.014609 0.020278
0 0.596797 0.459028 0.019844 0.045556
9 0.733672 0.415764 0.145781 0.159583
13 0.9775 0.521667 0.045 0.205
9 0.972734 0.3975 0.054531 0.282778
4 0.956758 0.398125 0.086484 0.24625
9 0.871289 0.427292 0.197891 0.193472
