16 0.974062 0.575347 0.051875 0.165139
5 0.895312 0.515556 0.039688 0.251111
0 0.790352 0.477292 0.100234 0.090972
0 0.708945 0.468333 0.076016 0.096944
0 0.602266 0.459306 0.061875 0.066944
7 0.546094 0.453403 0.059844 0.076528
10 0.387656 0.451597 0.0175 0.060972
9 0.411523 0.398889 0.086797 0.156667
0 0.337852 0.442014 0.025547 0.029861
10 0.309219 0.44375 0.00875 0.035833
10 0.267891 0.436597 0.013437 0.035972
9 0.299141 0.427639 0.039688 0.056111
14 0.237578 0.429444 0.010781 0.026389
3 0.215703 0.427014 0.012813 0.02625
9 0.155156 0.397708 0.082812 0.190139
0 0.091602 0.464653 0.084766 0.11125
0 0.027969 0.450972 0.055937 0.074167
0 0.072383 0.650764 0.144766 0.466528
