9 0.814609 0.363194 0.370781 0.726389
5 0.619453 0.496389 0.019531 0.100556
0 0.557852 0.492847 0.044453 0.059861
9 0.493633 0.463542 0.058516 0.099306
10 0.436758 0.483889 0.012109 0.058611
10 0.419922 0.474306 0.010781 0.039444
14 0.410195 0.464722 0.010078 0.0275
3 0.401094 0.459306 0.013437 0.023889
3 0.39168 0.453958 0.008047 0.025139
11 0.368789 0.446181 0.028203 0.069306
9 0.339531 0.445556 0.015469 0.032222
4 0.325391 0.450972 0.016875 0.026389
6 0.309609 0.458125 0.010781 0.024028
0 0.290742 0.459931 0.013516 0.017917
10 0.268516 0.463472 0.004062 0.0275
0 0.134609 0.602292 0.269219 0.314583
