10 0.835078 0.547847 0.083437 0.275139
10 0.622773 0.456319 0.020859 0.080139
10 0.604961 0.436667 0.010703 0.043056
3 0.482148 0.492222 0.139297 0.288333
4 0.038516 0.441875 0.077031 0.087361
4 0.07293 0.439514 0.039609 0.075139
4 0.156523 0.421875 0.085234 0.090972
4 0.181406 0.421944 0.051875 0.086111
4 0.189961 0.420694 0.058047 0.081389
4 0.270117 0.425556 0.049141 0.052222
0 0.299453 0.429792 0.03 0.029028
4 0.326094 0.416458 0.035469 0.04125
4 0.371445 0.412222 0.058047 0.069167
0 0.41375 0.418333 0.012969 0.023056
