0 0.72418 0.473472 0.076953 0.080556
0 0.542578 0.458889 0.041719 0.054722
0 0.486875 0.458125 0.031719 0.043472
5 0.627266 0.450903 0.01 0.045139
0 0.418477 0.449306 0.018047 0.0225
0 0.435664 0.447639 0.019922 0.025833
0 0.898555 0.454931 0.065234 0.059583
0 0.454258 0.446111 0.011797 0.016111
0 0.419375 0.450069 0.014531 0.020972
4 0.28 0.440764 0.063281 0.084861
5 0.210352 0.476736 0.011484 0.068194
10 0.169297 0.481458 0.019531 0.082639
10 0.094922 0.501806 0.035 0.120833
7 0.131602 0.470694 0.059922 0.053889
0 0.017852 0.485625 0.035703 0.052639
8 0.005078 0.503056 0.010156 0.132778
0 0.85332 0.439514 0.028203 0.056528
4 0.510469 0.434236 0.011875 0.022917
