9 0.974883 0.43375 0.050234 0.328333
10 0.808789 0.541458 0.056328 0.177361
10 0.649336 0.464236 0.011016 0.04375
0 0.636797 0.441944 0.015469 0.018056
10 0.624102 0.459097 0.011016 0.037917
3 0.601758 0.451597 0.020703 0.036806
18 0.561562 0.436042 0.022031 0.040417
4 0.466953 0.408472 0.098437 0.226944
1 0.511953 0.506944 0.105625 0.211944
0 0.413789 0.450486 0.015547 0.034583
0 0.398242 0.456806 0.024609 0.031111
0 0.304961 0.464861 0.033672 0.0425
10 0.158477 0.489653 0.025859 0.080694
0 0.054492 0.4925 0.064141 0.065556
