10 0.936133 0.56625 0.090703 0.273056
4 0.912656 0.396944 0.174687 0.203889
10 0.638984 0.474653 0.0175 0.078472
16 0.613438 0.460278 0.012969 0.047222
3 0.584922 0.446389 0.018125 0.031111
10 0.589766 0.459653 0.012344 0.048472
0 0.035156 0.487847 0.070312 0.074861
3 0.125117 0.470625 0.049922 0.072639
9 0.48793 0.418542 0.063359 0.147083
1 0.54207 0.474167 0.060703 0.118889
10 0.452305 0.447917 0.004453 0.019444
0 0.393984 0.453333 0.018906 0.021111
0 0.382344 0.449444 0.015 0.024167
10 0.384766 0.455764 0.0075 0.035139
0 0.366055 0.455764 0.029922 0.027361
0 0.341406 0.455694 0.033437 0.033611
