0 0.899687 0.452153 0.051094 0.047917
10 0.618437 0.491667 0.026875 0.105278
3 0.625117 0.450347 0.018828 0.039583
5 0.667852 0.452153 0.007422 0.033472
9 0.737539 0.436597 0.064609 0.098194
0 0.530273 0.477847 0.061953 0.104028
9 0.516133 0.41625 0.073984 0.143611
10 0.459961 0.451528 0.011484 0.032222
0 0.435742 0.452153 0.026172 0.02875
10 0.253047 0.470069 0.020156 0.057361
0 0.198555 0.473125 0.043047 0.044306
0 0.187812 0.469514 0.037656 0.034583
0 0.166602 0.474306 0.030234 0.034722
1 0.128242 0.473681 0.047734 0.055139
10 0.07375 0.484444 0.035625 0.088611
