9 0.088398 0.428542 0.141016 0.130972
13 0.219805 0.453056 0.008047 0.035833
9 0.25207 0.427847 0.053828 0.077361
9 0.305391 0.423264 0.031875 0.050139
10 0.297148 0.444167 0.006953 0.028333
7 0.386836 0.508472 0.149297 0.220833
9 0.377461 0.390347 0.087422 0.240694
0 0.458789 0.438889 0.021016 0.031389
10 0.477695 0.433333 0.005859 0.026389
10 0.504687 0.446736 0.012031 0.040694
10 0.521133 0.444931 0.010234 0.03875
9 0.526719 0.415208 0.027344 0.044861
9 0.93793 0.355208 0.124141 0.355139
9 0.678828 0.394861 0.132969 0.16
