5 0.844141 0.508333 0.046406 0.253611
0 0.757344 0.436597 0.037031 0.024028
0 0.7375 0.438958 0.037656 0.033472
3 0.738203 0.427639 0.044375 0.03
0 0.708906 0.436042 0.04375 0.029861
10 0.58207 0.467708 0.022891 0.08375
10 0.544727 0.455139 0.014141 0.053889
0 0.510117 0.49875 0.088828 0.129167
9 0.462695 0.434167 0.020859 0.023889
0 0.466719 0.441389 0.012812 0.014444
9 0.410508 0.4025 0.080703 0.195
0 0.363047 0.48625 0.092188 0.128056
10 0.29543 0.460556 0.012109 0.038333
0 0.035703 0.717708 0.071406 0.310972
