5 0.047969 0.500347 0.019219 0.10875
5 0.061797 0.500694 0.017031 0.101667
6 0.086094 0.500972 0.009688 0.101944
2 0.157266 0.455208 0.146094 0.187083
9 0.32957 0.450208 0.043203 0.062361
0 0.394531 0.462708 0.040781 0.03875
10 0.432695 0.456458 0.003828 0.025417
0 0.473203 0.455764 0.021406 0.026528
0 0.968008 0.760139 0.063984 0.328333
8 0.969258 0.475972 0.028047 0.040278
5 0.888008 0.472431 0.016016 0.087361
10 0.864492 0.464583 0.035234 0.047778
10 0.774062 0.483194 0.025781 0.105
5 0.726914 0.468889 0.012734 0.068889
4 0.689102 0.438194 0.050078 0.048333
7 0.609687 0.465417 0.052344 0.081944
0 0.578086 0.448542 0.027266 0.029861
4 0.500938 0.435972 0.016719 0.038889
0 0.528828 0.507917 0.097969 0.148611
4 0.525391 0.401042 0.053281 0.140139
8 0.841758 0.46375 0.018828 0.043333
