10 0.309414 0.471181 0.027578 0.057639
0 0.3375 0.476181 0.048125 0.062639
0 0.391094 0.454375 0.017344 0.022917
9 0.402578 0.436736 0.022031 0.044861
9 0.426016 0.436736 0.020781 0.039306
9 0.456914 0.425 0.033047 0.096389
7 0.483437 0.450764 0.016719 0.027639
4 0.513984 0.439236 0.015 0.032361
10 0.522813 0.454931 0.007344 0.02375
10 0.518203 0.449236 0.005625 0.020972
13 0.601484 0.466875 0.011875 0.049306
4 0.652617 0.441319 0.036797 0.068472
10 0.765391 0.501875 0.036719 0.13125
9 0.972773 0.390208 0.054453 0.296528
