10 0.267148 0.472431 0.010391 0.041806
13 0.348477 0.467778 0.027109 0.037222
10 0.384141 0.456667 0.006406 0.022778
0 0.426328 0.461597 0.021875 0.029306
9 0.440938 0.442153 0.015937 0.037917
4 0.466484 0.446944 0.029687 0.048056
9 0.480742 0.429375 0.030703 0.095139
7 0.513125 0.454861 0.018906 0.030556
0 0.49957 0.445278 0.009609 0.013056
10 0.542422 0.456528 0.007344 0.024444
10 0.537656 0.454097 0.005781 0.020972
13 0.591406 0.461181 0.007969 0.035139
10 0.686719 0.481736 0.023438 0.087917
0 0.849961 0.427708 0.245391 0.168194
10 0.864336 0.488264 0.030078 0.087639
