10 0.113789 0.493403 0.021484 0.084861
10 0.182734 0.483194 0.022188 0.074167
10 0.240586 0.474931 0.020859 0.040694
11 0.354023 0.435972 0.018828 0.039444
9 0.404805 0.398889 0.084141 0.214167
7 0.460977 0.444931 0.016172 0.02875
4 0.732812 0.425903 0.067344 0.13875
4 0.68168 0.435417 0.049766 0.093333
10 0.654727 0.453333 0.012109 0.050278
10 0.574648 0.457847 0.013828 0.064583
10 0.544258 0.456181 0.023984 0.07125
6 0.531836 0.444722 0.023984 0.059722
0 0.502109 0.443125 0.017031 0.025417
5 0.509727 0.444722 0.007422 0.030278
4 0.479766 0.432292 0.014219 0.030972
