10 0.907266 0.537986 0.082031 0.264028
4 0.756211 0.418056 0.131797 0.088611
0 0.780547 0.438681 0.056406 0.050139
0 0.468164 0.512569 0.099766 0.156528
0 0.315078 0.465 0.044062 0.05
4 0.2125 0.453819 0.045 0.06375
3 0.168477 0.452778 0.032578 0.037778
3 0.133477 0.456736 0.028828 0.03875
3 0.073555 0.458403 0.038672 0.045694
0 0.042383 0.471597 0.040547 0.03625
10 0.598828 0.461944 0.011562 0.054444
0 0.015117 0.472014 0.030234 0.042917
5 0.36832 0.459653 0.008516 0.069583
5 0.375781 0.46125 0.00875 0.069167
9 0.356719 0.438125 0.051875 0.052639
10 0.665273 0.465625 0.017422 0.066528
5 0.646914 0.466667 0.012422 0.061667
10 0.565117 0.455139 0.010234 0.040556
10 0.548008 0.452986 0.009297 0.04125
10 0.533789 0.451181 0.008828 0.03875
