5 0.87832 0.495625 0.031641 0.177639
0 0.96875 0.4425 0.0625 0.080833
4 0.927383 0.410417 0.145234 0.152222
12 0.827148 0.421458 0.144453 0.112083
10 0.769375 0.485208 0.025781 0.096806
10 0.658672 0.471042 0.013594 0.059861
10 0.592266 0.458819 0.008437 0.037917
10 0.574805 0.464931 0.004922 0.022361
10 0.557813 0.460139 0.006875 0.024722
0 0.498711 0.501042 0.083984 0.126528
0 0.473477 0.45125 0.019922 0.029167
0 0.435 0.44875 0.019844 0.021667
9 0.35582 0.443056 0.063984 0.066111
0 0.307188 0.451736 0.024219 0.019861
5 0.30625 0.456528 0.007656 0.041111
0 0.205391 0.458403 0.018594 0.029028
0 0.217812 0.459306 0.024063 0.027222
0 0.137187 0.508958 0.114219 0.124028
4 0.115937 0.466528 0.076719 0.097222
3 0.079727 0.464514 0.041016 0.05375
3 0.019492 0.468681 0.038984 0.059306
3 0.172617 0.453819 0.028047 0.042639
0 0.231875 0.455417 0.02 0.031111
5 0.288555 0.494167 0.024297 0.140556
5 0.273672 0.493958 0.023281 0.150972
5 0.255781 0.495972 0.023906 0.162778
