3 0.008633 0.48875 0.017266 0.112222
9 0.203828 0.4475 0.066719 0.086111
3 0.708047 0.440764 0.088281 0.07625
0 0.428633 0.459583 0.045391 0.0675
3 0.307852 0.453889 0.038359 0.059722
0 0.267734 0.453264 0.023125 0.039861
0 0.587734 0.451667 0.096406 0.072778
0 0.474844 0.441042 0.019531 0.032361
0 0.487422 0.438056 0.014687 0.026389
0 0.497266 0.435 0.011875 0.018333
3 0.9675 0.430278 0.065 0.071667
10 0.583789 0.480903 0.034609 0.12375
10 0.534336 0.466528 0.021484 0.08
10 0.352852 0.459236 0.011797 0.051528
0 0.363672 0.448958 0.022344 0.025972
