5 0.512969 0.486944 0.01 0.062778
5 0.530977 0.482222 0.008672 0.053333
5 0.525977 0.489375 0.009297 0.074583
5 0.722656 0.550278 0.03125 0.168056
10 0.635156 0.609444 0.089219 0.359722
9 0.264375 0.421319 0.071875 0.15375
0 0.382148 0.470972 0.029297 0.040278
0 0.359883 0.476319 0.036641 0.060417
0 0.239063 0.592917 0.219688 0.295833
0 0.578555 0.476319 0.058516 0.050972
0 0.461055 0.503542 0.084609 0.138472
0 0.637813 0.491111 0.08125 0.068611
0 0.1425 0.465694 0.027969 0.031944
3 0.719023 0.503542 0.103828 0.107639
3 0.78625 0.516597 0.117188 0.129028
3 0.851797 0.559167 0.184375 0.207222
6 0.528281 0.467431 0.067187 0.075694
