10 0.349531 0.442014 0.007969 0.032083
10 0.216055 0.463333 0.016641 0.060278
10 0.68207 0.649097 0.124453 0.505417
0 0.071641 0.472778 0.05125 0.050833
0 0.131562 0.474514 0.059219 0.061528
0 0.200469 0.452639 0.022656 0.041389
0 0.376523 0.453264 0.029922 0.047361
0 0.410469 0.449167 0.025937 0.031944
0 0.445078 0.476319 0.0725 0.117083
0 0.29 0.527222 0.135156 0.188056
6 0.664766 0.460903 0.125781 0.162083
0 0.743945 0.46625 0.119141 0.085278
0 0.828477 0.481597 0.144453 0.115972
0 0.87707 0.486389 0.144453 0.130278
0 0.941367 0.516597 0.117266 0.211806
0 0.988633 0.556806 0.022734 0.119444
5 0.570898 0.463333 0.012578 0.086389
5 0.582539 0.479861 0.017266 0.117222
5 0.649766 0.489931 0.022656 0.120694
5 0.715 0.472222 0.017344 0.085278
10 0.479063 0.456181 0.015313 0.048472
