10 0.713672 0.540208 0.078594 0.256806
13 0.539609 0.456181 0.017969 0.084028
15 0.829844 0.507083 0.040625 0.086389
5 0.618477 0.449097 0.013359 0.062639
10 0.630469 0.464514 0.02 0.100694
5 0.554258 0.44375 0.008672 0.040278
5 0.159844 0.451458 0.010625 0.050972
5 0.016719 0.476319 0.012031 0.072083
5 0.008672 0.481111 0.017344 0.081667
3 0.908398 0.455625 0.164453 0.177639
3 0.963359 0.462153 0.073281 0.188194
0 0.793906 0.457986 0.127187 0.097083
0 0.061992 0.478681 0.085234 0.079306
0 0.237031 0.458542 0.055937 0.084028
6 0.307617 0.419514 0.065234 0.124306
2 0.37918 0.427222 0.076484 0.165556
6 0.519961 0.430764 0.049297 0.099306
0 0.399805 0.644375 0.344141 0.550417
