14 0.033516 0.486319 0.067031 0.131806
3 0.99168 0.472986 0.016641 0.20625
3 0.931602 0.461875 0.136797 0.19875
0 0.401133 0.654861 0.356016 0.5625
0 0.042969 0.492014 0.085938 0.09625
0 0.224102 0.477292 0.067578 0.090694
0 0.821133 0.464861 0.130234 0.103056
10 0.814297 0.603542 0.124531 0.432639
10 0.561719 0.473472 0.024687 0.099167
10 0.618711 0.464861 0.020078 0.076389
10 0.587695 0.464653 0.019297 0.06625
13 0.544297 0.455486 0.021719 0.073194
10 0.266484 0.484028 0.050781 0.148333
5 0.747305 0.473611 0.021172 0.103889
5 0.738164 0.469722 0.020547 0.108889
5 0.62918 0.455069 0.012422 0.064028
10 0.606523 0.454444 0.009453 0.051667
5 0.595977 0.447708 0.010703 0.047083
5 0.602773 0.45125 0.007578 0.050833
5 0.165039 0.470903 0.015234 0.06125
5 0.154844 0.468819 0.012031 0.062917
15 0.876094 0.522847 0.050156 0.093472
