3 0.991367 0.467361 0.017266 0.189167
3 0.9325 0.460347 0.135 0.199861
0 0.399766 0.655347 0.35625 0.566528
0 0.04207 0.491458 0.084141 0.09625
0 0.815664 0.465903 0.135859 0.104028
10 0.262539 0.476597 0.043359 0.135694
10 0.562109 0.474306 0.031563 0.121389
10 0.595352 0.468681 0.016641 0.071528
10 0.584531 0.456458 0.017656 0.060417
13 0.540703 0.453889 0.017656 0.069167
10 0.608203 0.453819 0.010469 0.058472
5 0.614219 0.452917 0.00875 0.05
5 0.175 0.466389 0.011094 0.060833
5 0.183125 0.463611 0.008594 0.051667
6 0.301016 0.435278 0.078125 0.158611
2 0.376914 0.417639 0.081172 0.1425
15 0.872852 0.523472 0.055547 0.094722
5 0.860117 0.456458 0.014453 0.111806
