0 0.478555 0.442639 0.024453 0.038056
0 0.526094 0.450694 0.035313 0.047778
2 0.570156 0.441736 0.025469 0.050417
14 0.599727 0.464931 0.049453 0.129028
0 0.64957 0.465347 0.056953 0.07875
14 0.723789 0.444097 0.052734 0.105972
0 0.790508 0.449236 0.068203 0.073194
0 0.82875 0.447083 0.095469 0.095833
0 0.87 0.436458 0.123125 0.082639
0 0.901328 0.460069 0.1225 0.113472
8 0.879453 0.5325 0.112344 0.128889
8 0.938789 0.542431 0.122422 0.14625
10 0.756016 0.626597 0.114219 0.447917
0 0.399492 0.481875 0.096797 0.153194
3 0.230352 0.473125 0.082734 0.127083
0 0.282695 0.473958 0.062734 0.070139
5 0.031445 0.479931 0.015391 0.08125
