10 0.522422 0.510556 0.032656 0.158611
10 0.285312 0.480903 0.019844 0.064306
3 0.568555 0.461319 0.038047 0.07125
0 0.501523 0.457708 0.022266 0.034028
0 0.973281 0.6425 0.053438 0.3125
8 0.899336 0.557917 0.119453 0.163611
8 0.869844 0.529931 0.106719 0.183472
8 0.769297 0.522014 0.046875 0.088194
6 0.69332 0.458264 0.152109 0.185694
14 0.617695 0.462083 0.056797 0.075833
0 0.353516 0.463333 0.020313 0.034167
8 0.075664 0.524444 0.050391 0.071667
10 0.508516 0.461111 0.01 0.040556
5 0.834297 0.460833 0.012969 0.0875
0 0.493359 0.451667 0.012656 0.018611
