10 0.596914 0.466458 0.025703 0.091528
10 0.72168 0.528194 0.066016 0.236389
8 0.948867 0.484722 0.069453 0.125
8 0.896992 0.480139 0.042891 0.118889
8 0.844258 0.564792 0.055703 0.181528
0 0.017188 0.479375 0.034375 0.114306
0 0.056719 0.461875 0.070312 0.097639
0 0.136875 0.523681 0.186094 0.239306
0 0.284766 0.451944 0.024062 0.038056
0 0.443398 0.470278 0.061797 0.086944
0 0.632891 0.443542 0.053125 0.054861
0 0.657344 0.445833 0.067812 0.065556
0 0.707109 0.447431 0.10375 0.099028
0 0.79668 0.493125 0.156016 0.20875
0 0.517578 0.579236 0.225469 0.317083
3 0.3225 0.439792 0.044531 0.047361
3 0.349961 0.441319 0.030859 0.038194
0 0.981523 0.487778 0.036953 0.161667
8 0.993086 0.618889 0.013828 0.125
