0 0.370469 0.457986 0.0225 0.037917
0 0.349805 0.471597 0.036328 0.055694
10 0.431133 0.471181 0.014297 0.056806
10 0.445742 0.485347 0.020391 0.088472
10 0.452617 0.454861 0.019766 0.040556
3 0.491094 0.473125 0.039219 0.075694
3 0.550664 0.459444 0.077578 0.065278
0 0.559883 0.463472 0.093516 0.083889
1 0.611602 0.466736 0.127578 0.132639
10 0.483398 0.530347 0.043672 0.18375
0 0.771602 0.495833 0.245078 0.178889
0 0.063008 0.720208 0.126016 0.484028
3 0.128828 0.474861 0.063594 0.053611
2 0.210273 0.456319 0.078203 0.115694
3 0.272852 0.458958 0.027578 0.045694
