0 0.045391 0.465208 0.090781 0.165417
1 0.206797 0.419375 0.065937 0.074028
0 0.187383 0.405278 0.044297 0.033611
0 0.294453 0.400694 0.031719 0.046111
0 0.321367 0.410764 0.041641 0.054028
0 0.380039 0.381528 0.025703 0.034167
0 0.401328 0.373889 0.020625 0.028611
2 0.384414 0.355903 0.020703 0.039028
2 0.414648 0.364931 0.012891 0.024028
0 0.435508 0.401944 0.036484 0.054444
0 0.50293 0.473889 0.124453 0.189722
2 0.513672 0.360833 0.033594 0.069722
2 0.493203 0.356667 0.0225 0.053611
3 0.465117 0.364722 0.015391 0.030556
4 0.432031 0.345139 0.010937 0.025278
