3 0.070078 0.452014 0.103438 0.114861
2 0.048984 0.417014 0.097969 0.11125
0 0.159805 0.455903 0.077109 0.077917
0 0.213047 0.449375 0.058281 0.061528
0 0.253672 0.447083 0.047969 0.047778
0 0.274492 0.442222 0.030703 0.045
2 0.317383 0.412917 0.074922 0.120556
0 0.361172 0.438333 0.028437 0.038056
0 0.37043 0.434931 0.023203 0.03375
0 0.378711 0.431458 0.021172 0.031528
0 0.407422 0.440417 0.031406 0.042222
0 0.435547 0.429583 0.021562 0.030278
2 0.556992 0.446806 0.206641 0.438889
0 0.665469 0.465347 0.05125 0.08125
