2 0.924922 0.397708 0.150156 0.407917
13 0.923555 0.525139 0.084141 0.2775
5 0.833047 0.443819 0.0175 0.107639
5 0.810508 0.441944 0.018203 0.089722
5 0.768789 0.437153 0.023516 0.092083
5 0.746602 0.439583 0.018203 0.073056
3 0.632539 0.537083 0.242266 0.356389
0 0.497969 0.453333 0.045781 0.066944
0 0.512109 0.438958 0.022813 0.033472
0 0.469062 0.431181 0.014844 0.029861
0 0.458281 0.435417 0.0175 0.033611
0 0.444492 0.443194 0.018203 0.041944
0 0.426016 0.441389 0.035 0.0525
0 0.247695 0.446181 0.018828 0.033472
2 0.184102 0.431806 0.092109 0.114722
