9 0.074297 0.395417 0.148594 0.186111
9 0.088516 0.408056 0.177031 0.141111
0 0.182227 0.4425 0.049766 0.038056
0 0.231445 0.457292 0.073984 0.055694
5 0.313516 0.462431 0.01 0.058194
5 0.307422 0.460556 0.008125 0.053611
13 0.327148 0.460417 0.009766 0.0525
0 0.337344 0.446944 0.022656 0.0375
3 0.365117 0.455278 0.029922 0.058056
10 0.382266 0.448889 0.010469 0.035
0 0.414258 0.431042 0.012266 0.014861
3 0.426875 0.422431 0.01 0.021528
0 0.449414 0.405694 0.012891 0.011389
2 0.495859 0.4275 0.073438 0.159167
10 0.541172 0.447222 0.011719 0.043056
10 0.561953 0.46375 0.0125 0.056389
5 0.593047 0.465208 0.011562 0.05875
