10 0.974648 0.506458 0.050703 0.217361
10 0.578828 0.473403 0.027187 0.115972
0 0.632695 0.448472 0.076953 0.088611
3 0.5625 0.438819 0.039844 0.072361
14 0.483672 0.466181 0.039844 0.075694
5 0.516328 0.446875 0.009063 0.049861
3 0.800273 0.449306 0.109609 0.064444
4 0.552969 0.410625 0.107813 0.087083
4 0.550703 0.415486 0.152187 0.090139
4 0.522656 0.411458 0.148594 0.082083
4 0.50543 0.412222 0.155859 0.074167
4 0.472852 0.418681 0.181172 0.064306
4 0.440234 0.424306 0.155781 0.069167
0 0.346445 0.447708 0.046172 0.029028
5 0.3075 0.455694 0.013594 0.064444
5 0.289883 0.458125 0.019922 0.065972
2 0.252734 0.430764 0.076094 0.082083
0 0.186133 0.492708 0.066172 0.074028
5 0.141367 0.484444 0.016172 0.066944
0 0.110781 0.487431 0.04375 0.077639
5 0.096602 0.491597 0.014141 0.071806
5 0.081836 0.497014 0.014141 0.077639
5 0.035391 0.508333 0.028906 0.11
5 0.011836 0.511042 0.023672 0.113472
