4 0.912773 0.47375 0.113672 0.117222
4 0.860273 0.436597 0.086797 0.145972
4 0.827695 0.450972 0.082109 0.133889
4 0.764766 0.440833 0.063906 0.108889
14 0.152109 0.448889 0.023438 0.056389
10 0.185391 0.451944 0.008281 0.039444
2 0.332344 0.431875 0.051719 0.112083
10 0.226641 0.446944 0.004687 0.023889
10 0.232969 0.441319 0.004687 0.020139
0 0.213594 0.441319 0.016094 0.020139
10 0.245625 0.442222 0.004687 0.021111
10 0.264609 0.438056 0.004219 0.014444
0 0.278828 0.441528 0.011094 0.015
0 0.288984 0.439861 0.009219 0.013611
3 0.280898 0.428889 0.007891 0.014167
0 0.292266 0.432361 0.006875 0.008889
