13 0.807813 0.492222 0.030313 0.144722
10 0.571641 0.460556 0.012812 0.047778
10 0.55418 0.444931 0.010078 0.033472
10 0.514805 0.439583 0.008047 0.032222
11 0.577344 0.421042 0.048438 0.079028
2 0.459297 0.43125 0.04375 0.089722
1 0.425313 0.426458 0.016094 0.037083
10 0.40543 0.432986 0.003359 0.016806
0 0.393672 0.436597 0.014844 0.024028
4 0.381602 0.43125 0.025547 0.051389
3 0.348281 0.430069 0.016875 0.025139
0 0.33918 0.436597 0.021484 0.024028
11 0.293438 0.424028 0.049844 0.065833
0 0.239297 0.442569 0.032969 0.02875
11 0.169258 0.430625 0.086797 0.059861
0 0.288398 0.464097 0.047734 0.064583
