0 0.027305 0.505417 0.054609 0.106389
0 0.077812 0.489861 0.07875 0.089722
4 0.167617 0.420417 0.153359 0.254722
0 0.250391 0.460486 0.045781 0.064583
3 0.259219 0.450347 0.036875 0.058472
4 0.293594 0.438819 0.049844 0.077917
1 0.33168 0.436667 0.032422 0.0575
13 0.325977 0.449028 0.008984 0.046944
10 0.341406 0.448125 0.015937 0.045139
10 0.359805 0.447708 0.009922 0.040694
0 0.39543 0.441042 0.025391 0.032639
0 0.365078 0.439306 0.026406 0.032778
0 0.440508 0.435278 0.017891 0.026667
9 0.453672 0.417569 0.013437 0.031806
2 0.473125 0.423333 0.011406 0.029167
2 0.534609 0.417153 0.105625 0.213472
5 0.633711 0.437014 0.013984 0.06375
14 0.657109 0.442431 0.042812 0.077917
5 0.710625 0.459236 0.026406 0.10625
