10 0.038711 0.5425 0.077422 0.175833
4 0.059609 0.475486 0.074687 0.120694
10 0.076758 0.51375 0.033672 0.106389
3 0.138008 0.493403 0.082109 0.087361
0 0.106055 0.494583 0.036953 0.063333
1 0.203945 0.468958 0.049766 0.08375
0 0.238945 0.481458 0.025547 0.039583
3 0.252734 0.4725 0.023594 0.047778
0 0.281641 0.471875 0.046406 0.041806
10 0.278945 0.479028 0.010078 0.046667
10 0.32 0.476667 0.011406 0.046667
10 0.349609 0.475417 0.00875 0.0275
9 0.403438 0.445 0.02625 0.0575
2 0.432383 0.447361 0.020859 0.040556
4 0.470078 0.445556 0.011406 0.032222
10 0.487578 0.471944 0.00875 0.046667
10 0.509414 0.464167 0.013516 0.043056
0 0.459336 0.452153 0.006953 0.010694
0 0.417031 0.456181 0.005313 0.012083
10 0.50043 0.456875 0.003359 0.019306
10 0.495234 0.457014 0.003125 0.015417
0 0.48125 0.453194 0.006563 0.011111
9 0.540391 0.439722 0.026562 0.065556
2 0.631719 0.441736 0.155938 0.314306
