3 0.017539 0.488611 0.035078 0.101389
3 0.035859 0.491458 0.071719 0.097917
3 0.054219 0.485764 0.085938 0.08875
3 0.07125 0.482639 0.089219 0.088056
3 0.095586 0.481736 0.072734 0.079583
3 0.105352 0.478264 0.083359 0.072639
3 0.124648 0.474653 0.069609 0.066528
3 0.140898 0.477778 0.055859 0.066111
3 0.153281 0.472569 0.066094 0.057361
13 0.250352 0.474028 0.013672 0.049167
0 0.486289 0.489514 0.066484 0.09875
10 0.407969 0.461875 0.004844 0.024583
10 0.543672 0.461319 0.005 0.021806
5 0.530234 0.457083 0.006406 0.021111
10 0.520195 0.457847 0.004922 0.022361
4 0.619961 0.428819 0.121328 0.279028
10 0.680312 0.486042 0.014844 0.087639
10 0.746719 0.494444 0.035781 0.127222
9 0.898828 0.419792 0.202344 0.210417
