0 0.017734 0.510972 0.035469 0.068056
0 0.063984 0.494792 0.053437 0.05375
0 0.196875 0.481458 0.056406 0.034861
0 0.241055 0.476597 0.048203 0.032917
0 0.272539 0.469792 0.041953 0.029028
10 0.314336 0.466389 0.011641 0.045833
0 0.395 0.460833 0.015156 0.019167
10 0.41125 0.456597 0.006406 0.025694
2 0.431914 0.447361 0.016328 0.038889
0 0.504063 0.510139 0.091719 0.139722
10 0.591211 0.457222 0.009766 0.039444
9 0.61625 0.427708 0.067344 0.05875
10 0.602227 0.467917 0.014766 0.061667
10 0.632305 0.468125 0.012891 0.050139
10 0.649766 0.481806 0.020781 0.081389
10 0.76207 0.500625 0.037109 0.136528
9 0.893203 0.415069 0.194531 0.21625
4 0.954063 0.429931 0.091875 0.194306
