7 0.940078 0.519097 0.119844 0.200972
3 0.905039 0.473681 0.087422 0.090972
0 0.871406 0.504792 0.103594 0.124306
9 0.617773 0.365486 0.209922 0.405417
0 0.476758 0.470069 0.038359 0.047917
9 0.425312 0.450972 0.051094 0.081389
10 0.382227 0.464722 0.012109 0.051389
10 0.358711 0.456944 0.009453 0.038333
14 0.34793 0.449792 0.009453 0.02625
3 0.33582 0.445556 0.010703 0.022778
11 0.307227 0.431181 0.024922 0.060972
0 0.230859 0.44375 0.009375 0.019167
9 0.276953 0.431806 0.012812 0.031111
10 0.221445 0.445556 0.008047 0.020278
9 0.043438 0.40375 0.086875 0.477222
0 0.102969 0.608819 0.205938 0.36125
