0 0.980469 0.443194 0.039062 0.041944
0 0.957227 0.441389 0.045078 0.038333
0 0.875781 0.446736 0.04375 0.041806
0 0.811836 0.438403 0.051797 0.046528
0 0.819961 0.421042 0.080078 0.055139
10 0.642969 0.464097 0.019531 0.064583
0 0.610664 0.492222 0.066641 0.125556
3 0.494609 0.5425 0.231406 0.477222
7 0.371523 0.468889 0.053828 0.093333
3 0.305195 0.485069 0.104297 0.173472
0 0.1575 0.464097 0.041719 0.040694
0 0.137344 0.463542 0.037656 0.041806
4 0.09293 0.443125 0.075391 0.123194
4 0.035703 0.465278 0.071406 0.11
