6 0.044883 0.502708 0.089766 0.181806
9 0.408242 0.427361 0.036016 0.061111
9 0.466992 0.417222 0.017578 0.040833
3 0.491016 0.443611 0.020937 0.050556
0 0.514648 0.452083 0.030391 0.055278
10 0.535977 0.446042 0.009453 0.038472
10 0.578242 0.465278 0.015547 0.050556
5 0.476445 0.435208 0.005391 0.024028
10 0.723594 0.507986 0.045312 0.152639
10 0.607969 0.491736 0.019531 0.127361
10 0.782109 0.479167 0.040156 0.141667
10 0.825586 0.50125 0.021953 0.120833
10 0.89832 0.500625 0.089922 0.150694
10 0.905547 0.453889 0.050469 0.1325
5 0.853789 0.470347 0.011172 0.089028
