0 0.0125 0.500625 0.025 0.063472
4 0.092617 0.483819 0.073359 0.087361
10 0.130586 0.513125 0.029609 0.114861
10 0.671758 0.490972 0.029453 0.100556
0 0.557539 0.461875 0.020547 0.026528
0 0.532578 0.465347 0.030469 0.047361
0 0.489336 0.463403 0.021641 0.031528
0 0.500703 0.461875 0.01 0.024583
0 0.481328 0.458958 0.01 0.01875
9 0.482461 0.445139 0.017734 0.050278
0 0.465234 0.459861 0.011094 0.012778
0 0.453867 0.462847 0.012734 0.014861
9 0.43168 0.445139 0.033828 0.066111
0 0.413398 0.465833 0.011641 0.026667
0 0.303906 0.507708 0.07875 0.100417
