9 0.898008 0.433056 0.203984 0.160278
4 0.751289 0.401944 0.069297 0.11
10 0.879805 0.599861 0.104297 0.355278
0 0.647695 0.442569 0.012734 0.016806
10 0.637266 0.449792 0.008125 0.045417
3 0.594883 0.447986 0.022891 0.049028
1 0.557539 0.471319 0.066641 0.112361
9 0.511094 0.404931 0.072031 0.154306
0 0.459961 0.445 0.028984 0.038333
0 0.415898 0.456319 0.047109 0.05625
13 0.319688 0.453333 0.008125 0.055
0 0.302852 0.452778 0.031016 0.034722
0 0.274258 0.453333 0.043672 0.043056
14 0.243984 0.454514 0.031562 0.057361
10 0.033047 0.470069 0.043125 0.122083
