14 0.943047 0.464167 0.067969 0.117222
4 0.833711 0.425278 0.113047 0.199722
4 0.760391 0.450972 0.063281 0.119722
1 0.720352 0.442569 0.053203 0.102917
5 0.695781 0.463472 0.013438 0.058611
5 0.668867 0.459861 0.014766 0.058611
10 0.596211 0.475486 0.020234 0.080139
10 0.550781 0.467708 0.022188 0.08375
6 0.538008 0.453333 0.024922 0.069444
10 0.058945 0.507153 0.028984 0.08375
10 0.132266 0.495833 0.022188 0.070556
5 0.280156 0.472083 0.012187 0.039444
11 0.344687 0.445069 0.022187 0.03625
9 0.397539 0.402986 0.093984 0.222639
7 0.456445 0.452014 0.016953 0.027083
10 0.517773 0.454722 0.005703 0.027778
5 0.511445 0.453194 0.006953 0.029444
0 0.500156 0.450833 0.016562 0.027778
0 0.577773 0.44 0.019609 0.024722
5 0.647969 0.449306 0.021719 0.038611
4 0.460352 0.438056 0.014297 0.0425
4 0.474922 0.438472 0.014844 0.030833
