0 0.170039 0.522708 0.188047 0.197361
0 0.390742 0.460278 0.049141 0.068889
10 0.007461 0.432014 0.014922 0.052639
10 0.076055 0.428403 0.013047 0.041528
0 0.220625 0.456389 0.062813 0.073889
0 0.381016 0.445347 0.029375 0.049583
0 0.314805 0.423264 0.016484 0.019583
0 0.244492 0.426042 0.024453 0.031806
0 0.373086 0.422778 0.015234 0.021944
0 0.374648 0.404028 0.017734 0.028889
9 0.948281 0.352986 0.103438 0.454583
3 0.715273 0.463819 0.059766 0.076806
0 0.682188 0.459722 0.053437 0.070833
3 0.621602 0.448403 0.033828 0.05125
