12 0.978008 0.457917 0.043984 0.086389
12 0.895664 0.425764 0.075078 0.117639
12 0.953477 0.415764 0.092422 0.140972
12 0.807734 0.416667 0.099688 0.105833
4 0.700508 0.422986 0.061484 0.049861
10 0.660078 0.470972 0.04375 0.068889
10 0.581484 0.47 0.017188 0.076944
10 0.565117 0.464097 0.014297 0.059028
10 0.537617 0.455903 0.012578 0.049583
3 0.590859 0.442361 0.041875 0.035556
0 0.528711 0.448889 0.039609 0.0325
0 0.486211 0.443056 0.011172 0.015556
0 0.475547 0.448889 0.019531 0.028056
0 0.453242 0.472708 0.050547 0.074028
0 0.425313 0.448125 0.012812 0.02375
0 0.43375 0.449792 0.013594 0.01625
10 0.419648 0.45125 0.005703 0.02
0 0.38418 0.448681 0.015859 0.020139
0 0.354023 0.456042 0.026953 0.03625
4 0.339453 0.445972 0.040781 0.044722
0 0.284141 0.459583 0.021875 0.0425
1 0.269258 0.464514 0.026328 0.04375
1 0.101914 0.45625 0.046484 0.069722
10 0.25082 0.47 0.014453 0.037778
