0 0.475273 0.509028 0.103984 0.155556
0 0.433594 0.477431 0.0275 0.090972
0 0.420234 0.45375 0.01375 0.034444
0 0.405117 0.448056 0.013516 0.024722
0 0.350469 0.447153 0.030625 0.040139
10 0.321641 0.456528 0.007187 0.023611
0 0.307539 0.448611 0.012422 0.0225
0 0.27293 0.441875 0.012422 0.027917
4 0.213594 0.452431 0.049219 0.063472
14 0.145898 0.459375 0.092422 0.104583
5 0.037109 0.484514 0.019531 0.084861
6 0.012617 0.469236 0.025234 0.124028
5 0.521055 0.451597 0.006328 0.032361
5 0.549258 0.452639 0.006953 0.031667
5 0.568828 0.466528 0.015156 0.07
5 0.588555 0.467153 0.013203 0.06875
5 0.602305 0.469931 0.012109 0.063194
10 0.622305 0.480486 0.026328 0.087361
5 0.646172 0.470208 0.014844 0.069861
5 0.656211 0.469722 0.011797 0.073611
5 0.66707 0.462153 0.011484 0.054583
10 0.692695 0.577222 0.086328 0.320556
5 0.9825 0.528333 0.035 0.196667
