0 0.382422 0.474722 0.050781 0.085556
0 0.504141 0.496597 0.098594 0.133472
0 0.609414 0.463472 0.045703 0.063056
3 0.126211 0.490347 0.123203 0.167917
0 0.227734 0.474028 0.065 0.078056
0 0.340859 0.445556 0.020938 0.030833
0 0.304219 0.441319 0.013281 0.018472
0 0.687422 0.466042 0.053906 0.067917
3 0.442773 0.447847 0.024766 0.041528
5 0.419414 0.446111 0.005391 0.025556
5 0.424414 0.44625 0.004922 0.025556
5 0.42875 0.447778 0.00375 0.025
5 0.462109 0.451597 0.008437 0.038194
5 0.963437 0.508611 0.0225 0.1175
5 0.927812 0.513611 0.024375 0.100833
5 0.90625 0.523611 0.01875 0.124167
5 0.924727 0.498125 0.013984 0.096528
2 0.243281 0.43625 0.055 0.094722
10 0.411367 0.449028 0.007422 0.029444
10 0.278984 0.438889 0.006094 0.024167
0 0.355742 0.445417 0.014609 0.023056
0 0.33 0.439306 0.008125 0.016667
0 0.050703 0.461458 0.0875 0.065694
15 0.888828 0.543056 0.061406 0.082222
