3 0.967031 0.524236 0.065938 0.205972
10 0.662734 0.637917 0.115156 0.463889
10 0.350195 0.447917 0.006641 0.039167
9 0.055937 0.389375 0.111875 0.347917
0 0.157187 0.482292 0.055937 0.069861
0 0.209766 0.464514 0.027969 0.04625
0 0.274688 0.540278 0.148438 0.209444
0 0.371875 0.463958 0.032656 0.056806
0 0.406133 0.460347 0.018672 0.033194
0 0.441758 0.48875 0.073828 0.125556
0 0.681719 0.474028 0.097187 0.081667
0 0.738984 0.480486 0.103906 0.094583
0 0.777891 0.483472 0.107187 0.100556
0 0.829531 0.509444 0.14375 0.136111
0 0.898086 0.516528 0.162422 0.150278
3 0.753281 0.452708 0.076563 0.069861
6 0.621172 0.462153 0.107813 0.124306
5 0.546914 0.468056 0.013984 0.072222
5 0.557266 0.479861 0.013281 0.100556
5 0.600508 0.491736 0.014609 0.107639
5 0.616797 0.495903 0.020625 0.11125
5 0.648789 0.481042 0.016641 0.102917
