10 0.091875 0.495278 0.025 0.100556
0 0.311992 0.499792 0.146172 0.213472
0 0.445898 0.451736 0.034141 0.056806
0 0.455859 0.453403 0.02375 0.03875
0 0.477266 0.442708 0.013594 0.021806
0 0.497031 0.452708 0.032031 0.042361
10 0.522422 0.447083 0.00625 0.030278
14 0.539883 0.446389 0.021016 0.055833
10 0.560352 0.483194 0.034297 0.131944
3 0.590586 0.447083 0.029766 0.063889
0 0.616445 0.459514 0.043516 0.056528
5 0.678477 0.456181 0.010391 0.066806
8 0.6975 0.500069 0.069844 0.077361
8 0.675195 0.48875 0.047734 0.066389
13 0.769805 0.547778 0.066641 0.302778
8 0.812422 0.464931 0.028125 0.057083
8 0.919219 0.473333 0.073281 0.088333
5 0.688125 0.453403 0.015625 0.074028
10 0.027266 0.498264 0.035 0.094861
