10 0.659062 0.558264 0.073438 0.243194
10 0.484141 0.470764 0.009844 0.044583
0 0.243555 0.473542 0.071953 0.087917
0 0.417656 0.474444 0.033437 0.048611
0 0.612695 0.496944 0.087578 0.128056
3 0.555625 0.474861 0.052969 0.074722
3 0.500313 0.461806 0.02375 0.042222
0 0.453398 0.4625 0.019766 0.026944
10 0.462656 0.458542 0.008438 0.017639
0 0.477891 0.457847 0.010312 0.019583
8 0.691953 0.525069 0.057031 0.099028
6 0.525508 0.459444 0.032266 0.073889
0 0.469648 0.453472 0.005391 0.011944
4 0.494688 0.442708 0.029062 0.044861
